#filetype population_data
#format ave_fitness
#  
# Legend:
#  1: Average Fitness


0 
0 
0.249357 
0.244612 
0.243069 
0.242314 
0.241023 
0.241024 
0.239386 
0.23975 
0.239765 
0.239076 
0.242495 
0.243106 
0.239209 
0.239095 
0.239077 
0.2383 
0.249046 
0.271298 
0.286145 
0.296727 
0.304721 
0.319462 
0.316708 
0.326471 
0.340511 
0.3372 
0.361046 
0.373743 
0.385542 
0.386105 
0.406374 
0.411558 
0.398462 
0.41778 
0.443526 
0.46196 
0.470358 
0.489148 
0.490177 
0.491846 
0.51735 
0.539558 
0.540835 
0.546647 
0.551586 
0.561102 
0.580272 
0.586533 
0.602385 
0.609666 
0.627294 
0.660527 
0.666916 
0.671327 
0.667919 
0.672909 
0.685033 
0.700173 
0.697292 
0.699143 
0.720614 
0.729617 
0.727402 
0.733761 
0.744063 
0.764917 
0.762238 
0.782793 
0.786628 
0.796678 
0.809755 
0.817738 
0.851907 
0.846059 
0.853859 
0.998958 
0.889611 
0.877659 
0.892338 
0.896407 
0.890973 
0.891125 
0.884893 
0.891501 
0.911184 
0.913488 
0.913208 
0.921849 
0.912015 
0.923423 
0.926355 
0.925589 
0.935349 
0.951386 
0.96581 
0.995829 
0.992433 
1.03017 
1.0245 
1.03352 
1.04423 
1.05852 
1.07473 
1.08173 
1.07315 
1.07154 
1.07161 
1.06566 
1.07729 
1.09549 
1.13061 
1.1282 
1.13652 
1.1603 
1.15792 
1.15601 
1.1684 
1.16008 
1.15436 
1.16828 
1.1701 
1.15599 
1.17581 
1.18243 
1.19224 
1.1876 
1.17676 
1.17589 
1.19877 
1.16812 
1.17087 
1.19676 
1.20917 
1.22089 
1.22157 
1.20772 
1.22308 
1.20121 
1.19689 
1.1951 
1.19911 
1.2054 
1.23189 
1.23607 
1.20792 
1.19242 
1.2051 
1.21399 
1.21914 
1.24015 
1.2412 
1.24946 
1.2662 
1.29407 
1.28379 
1.28662 
1.28688 
1.29982 
1.29135 
1.31541 
1.36265 
1.40851 
1.46446 
1.51903 
1.54731 
1.58832 
1.61489 
1.65909 
1.71752 
1.72581 
1.78208 
1.82936 
1.87508 
1.90742 
1.90527 
1.94931 
1.97767 
2.0342 
2.0312 
2.00808 
2.04571 
2.09095 
2.14481 
2.1965 
2.20638 
2.25779 
2.36666 
2.46116 
2.49449 
2.54635 
2.5092 
2.60619 
2.65244 
2.64729 
2.62824 
2.76968 
2.68883 
2.77813 
2.83012 
2.81552 
2.97177 
2.91069 
2.99038 
3.12095 
3.1873 
3.31119 
3.38704 
3.48873 
3.51449 
3.59031 
3.91207 
3.6106 
3.765 
3.89422 
3.82515 
3.81136 
3.87229 
7.59782 
3.96757 
6.14415 
6.43315 
6.13798 
5.24649 
4.83349 
5.84056 
8.67956 
10.1807 
10.7119 
8.45575 
7.01378 
6.87209 
7.07435 
10.5724 
8.37738 
10.353 
12.0785 
14.5189 
11.6522 
9.1817 
13.6169 
13.3255 
11.309 
11.9238 
11.3454 
13.2984 
12.537 
14.4617 
15.3096 
17.6057 
15.2327 
17.2474 
15.6203 
15.8788 
18.7588 
20.1905 
21.3407 
21.1847 
21.1074 
17.8378 
20.5322 
19.9942 
22.2354 
19.4605 
18.007 
19.2399 
21.2505 
20.2352 
19.4414 
18.1412 
17.8466 
19.9124 
19.8703 
20.7638 
23.0827 
30.5255 
29.4163 
29.2833 
27.6632 
27.3946 
32.0999 
28.3269 
28.473 
35.5708 
34.3349 
35.6501 
33.2726 
31.3604 
33.3448 
36.3383 
38.8317 
42.5983 
41.4856 
42.3002 
46.4832 
45.0259 
48.3785 
55.1985 
58.4181 
58.6661 
57.9143 
59.2388 
63.9952 
72.8408 
72.3173 
65.6995 
74.5276 
76.7646 
159.028 
81.847 
87.621 
80.7988 
83.1095 
95.8785 
92.8142 
101.88 
107.161 
105.283 
106.638 
110.984 
113.643 
117.199 
114.867 
110.66 
117.784 
125.048 
145.992 
125.898 
127.387 
134.013 
134.199 
145.55 
144.372 
134.57 
137.354 
146.332 
159.847 
164.888 
149.284 
147.29 
147.915 
159.643 
157.188 
164.064 
163.614 
173.018 
202.418 
206.846 
205.373 
194.481 
198.413 
199.564 
204.214 
192.227 
189.068 
197.424 
209.466 
2228.01 
225.564 
226.574 
234.919 
232.543 
231.625 
271.624 
252.47 
261.298 
247.372 
248.145 
270.507 
254.595 
272.705 
270.807 
293.239 
306.66 
289.025 
284.457 
280.598 
269.632 
269.353 
267.199 
290.746 
266.889 
278.027 
289.369 
292.463 
306.172 
292.799 
290.169 
353.349 
293.616 
298.476 
290.477 
292.253 
322.09 
290.237 
305.42 
308.672 
305.791 
312.622 
337.495 
337.6 
394.927 
370.772 
377.733 
392.015 
417.898 
407.204 
418.429 
447.872 
440.073 
504.68 
481.919 
510.972 
516.646 
649.6 
551.37 
591.589 
628.198 
603.271 
610.673 
625.167 
672.7 
666.533 
665.609 
716.283 
769.152 
740.121 
757.385 
787.316 
780.82 
836.843 
839.09 
884.545 
925.085 
897.203 
993.459 
1004.05 
987.595 
1031.72 
1120.66 
1089.95 
1077.51 
1084 
1186.79 
1208.21 
1273.23 
1304.38 
1262.72 
1314.93 
1552.61 
1594.74 
1581.95 
1659.71 
1646.72 
1954.04 
1920.09 
2100.01 
2207.4 
2292.35 
2443.29 
2522.32 
2592.13 
2914.42 
3061.22 
3033.04 
3207.26 
3100.97 
3058.42 
3077.94 
2938.85 
2961.98 
3476.61 
3333.55 
3427.67 
3399.1 
3791.97 
4007.77 
3627.13 
3841.36 
3991.37 
4078.13 
4160.58 
4133.25 
4267.45 
4721.75 
3915.15 
3967.41 
3944.41 
4280.4 
4238.1 
4414.73 
4709.2 
4925.44 
