# Avida resource data
# Thu Nov 25 20:52:32 2010
# First column gives the current update, all further columns give the quantity
# of the particular resource at that update.
#  1: Update
#  2: resNOT
#  3: resNAND
#  4: resAND
#  5: resORN
#  6: resOR
#  7: resANDN
#  8: resNOR
#  9: resXOR
# 10: resEQU
# 11: resNOTB
# 12: resNANDB
# 13: resANDB
# 14: resORNB
# 15: resORB
# 16: resANDNB
# 17: resNORB
# 18: resXORB
# 19: resEQUB

-1 0 0 0 0 0 0 0 0 0 0 0 0 0 0 0 0 0 0 
0 0 0 0 0 0 0 0 0 0 0 0 0 0 0 0 0 0 0 
15 1749.27 1749.27 1749.27 1749.27 1749.27 1749.27 1749.27 1749.27 1749.27 0 0 0 0 0 0 0 0 0 
36 3794.83 3794.83 3794.83 3794.83 3794.83 3794.83 3794.83 3794.83 3794.83 0 0 0 0 0 0 0 0 0 
49 4861.03 4861.03 4861.03 4861.03 4861.03 4861.03 4861.03 4861.03 4861.03 0 0 0 0 0 0 0 0 0 
62 5796.65 5796.65 5796.65 5796.65 5796.65 5796.65 5796.65 5796.65 5796.65 0 0 0 0 0 0 0 0 0 
75 6616.78 6617.67 6617.67 6617.67 6617.67 6617.67 6617.67 6617.67 6617.67 0 0 0 0 0 0 0 0 3 
87 7285.2 7285.99 7285.99 7285.99 7285.99 7285.99 7285.99 7285.99 7285.99 0 0 0 0 0 0 0 0 3 
100 7923.91 7924.6 7924.6 7924.6 7924.6 7924.6 7924.6 7924.6 7924.6 0 0 0 0 0 0 0 0 3 
112 8441.93 8444.43 8444.43 8444.43 8444.43 8444.43 8444.43 8444.43 8444.43 0 0 0 0 0 0 0 0 9 
125 8937.99 8941.15 8941.15 8941.15 8941.15 8941.15 8941.15 8941.15 8941.15 0 0 0 0 0 0 0 0 12 
137 9340.86 9345.49 9345.49 9345.49 9345.49 9345.49 9345.49 9345.49 9345.49 0 0 0 0 0 0 0 0 17.9985 
150 9725.03 9731.85 9731.85 9731.85 9731.85 9731.85 9731.85 9731.85 9731.85 0 0 0 0 0 0 0 0 26.9634 
162 10039.4 10046.4 10046.4 10046.4 10046.4 10046.4 10046.4 10046.4 10046.4 0 0 0 0 0 0 0 0 29.8581 
174 10318.9 10325.1 10325.1 10325.1 10325.1 10325.1 10325.1 10325.1 10325.1 0 0 0 0 0 0 0 0 29.6782 
187 10585.1 10591.5 10591.5 10591.5 10591.5 10591.5 10591.5 10591.5 10591.5 0 0 0 0 0 0 0 0 32.4378 
199 10802.7 10808.3 10808.3 10808.3 10808.3 10808.3 10808.3 10808.3 10808.3 0 0 0 0 0 0 0 0 32.2039 
211 10995.5 11000.5 11000.5 11000.5 11000.5 11000.5 11000.5 11000.5 11000.5 0 0 0 0 0 0 0 0 31.9703 
224 11179.8 11184.2 11184.2 11184.2 11184.2 11184.2 11184.2 11184.2 11184.2 0 0 0 0 0 0 0 0 31.7187 
237 11341.5 11345.3 11345.3 11345.3 11345.3 11345.3 11345.3 11345.3 11345.3 0 0 0 0 0 0 0 0 31.4688 
250 11483.4 11486.8 11486.8 11486.8 11486.8 11486.8 11486.8 11486.8 11486.8 0 0 0 0 0 0 0 0 31.2226 
262 11598.9 11601.9 11601.9 11601.9 11601.9 11601.9 11601.9 11601.9 11601.9 0 0 0 0 0 0 0 0 31.0007 
275 11708.3 11711.9 11711.9 11711.9 11711.9 11711.9 11711.9 11711.9 11711.9 0 0 0 0 0 0 0 0 33.768 
287 11794.5 11801.4 11801.4 11801.4 11801.4 11801.4 11801.4 11801.4 11801.4 0 0 0 0 0 0 0 0 45.5615 
299 11873.7 11880.8 11880.8 11880.8 11880.8 11880.8 11880.8 11880.8 11880.8 0 0 0 0 0 0 0 0 48.3632 
312 11949.5 11956.6 11956.6 11956.6 11956.6 11956.6 11956.6 11956.6 11956.6 0 0 0 0 0 0 0 0 51.1569 
324 12011.1 12018.4 12018.4 12018.4 12018.4 12018.4 12018.4 12018.4 12018.4 0 0 0 0 0 0 0 0 53.9713 
336 12058.7 12073.1 12073.1 12073.1 12073.1 12073.1 12073.1 12073.1 12073.1 0 0 0 0 0 0 0 0 75.0095 
349 12108.2 12125.4 12125.4 12125.4 12125.4 12125.4 12125.4 12125.4 12125.4 0 0 0 0 0 0 0 0 68.7079 
362 12156.2 12171.3 12171.3 12171.3 12171.3 12171.3 12171.3 12171.3 12171.3 0 0 0 0 0 0 0 0 66.4928 
375 12198.3 12211.5 12211.5 12211.5 12211.5 12211.5 12211.5 12211.5 12211.5 0 0 0 0 0 0 0 0 65.4246 
387 12232.6 12244.3 12244.3 12244.3 12244.3 12244.3 12244.3 12244.3 12244.3 0 0 0 0 0 0 0 0 64.7296 
400 12263.5 12275.6 12275.6 12275.6 12275.6 12275.6 12275.6 12275.6 12275.6 0 0 0 0 0 0 0 0 70.1236 
412 12289.4 12301.1 12301.1 12301.1 12301.1 12301.1 12301.1 12301.1 12301.1 0 0 0 0 0 0 0 0 72.6399 
424 12313.3 12322.7 12323.7 12323.7 12323.7 12323.7 12323.7 12323.7 12323.7 3 0 0 0 0 0 0 0 72.201 
436 12334.5 12342.9 12343.7 12343.7 12343.7 12343.7 12343.7 12343.7 12343.7 3 0 0 0 0 0 0 0 71.7925 
449 12354.8 12362.1 12362.9 12362.9 12362.9 12362.9 12362.9 12362.9 12362.9 3 0 0 0 0 0 0 0 71.3744 
461 12371.3 12377.8 12378.5 12378.5 12378.5 12378.5 12378.5 12378.5 12378.5 3 0 0 0 0 0 0 0 71.0056 
473 12385 12391.7 12392.3 12392.3 12392.3 12392.3 12392.3 12392.3 12392.3 3 0 0 0 0 0 0 0 73.6497 
486 12398.1 12404.9 12405.5 12405.5 12405.5 12405.5 12405.5 12405.5 12405.5 3 0 0 0 0 0 0 0 76.2764 
499 12407.7 12416.6 12417 12417 12417 12417 12417 12417 12417 3 0 0 0 0 0 0 0 84.9137 
511 12356.9 12426.1 12426.5 12426.5 12426.5 12426.5 12426.5 12426.5 12426.5 30.5205 0 0 0 0 0 0 0 273.915 
521 12195.4 12432.2 12433.5 12433.5 12433.5 12433.5 12433.5 12433.5 12433.5 64.9558 0 0 0 0 0 0 0 821.362 
531 12002.7 12432.9 12439.9 12439.9 12439.9 12439.9 12439.9 12439.9 12439.9 138.193 0 0 0 0 0 0 0 1516.56 
539 11855.6 12437.1 12444.5 12444.5 12444.5 12444.5 12444.5 12444.5 12444.5 242.403 0 0 0 0 0 0 0 2091.7 
546 11677.6 12440.4 12448.3 12448.3 12448.3 12448.3 12448.3 12448.3 12448.3 289.571 0 0 0 0 0 0 0 2777.24 
551 11523.5 12442.3 12450.8 12450.8 12450.8 12450.8 12450.8 12450.8 12450.8 298.571 0 0 0 0 0 0 0 3371.94 
556 11347.8 12444.2 12453.2 12453.2 12453.2 12453.2 12453.2 12453.2 12453.2 360.731 0 0 0 0 0 0 0 4056.05 
561 11138.6 12445.9 12455.5 12455.5 12455.5 12455.5 12455.5 12455.5 12455.5 496.116 0 0 0 0 0 0 0 4868.76 
565 10989.3 12448.1 12457.3 12457.3 12457.3 12457.3 12457.3 12457.3 12457.3 510.69 0 0 0 0 0 0 0 5485.88 
569 10804.4 12449.1 12458.9 12458.9 12458.9 12458.9 12458.9 12458.9 12458.9 600.97 0 0 0 0 0 0 0 6229.53 
573 10602.8 12450.2 12460.6 12460.6 12460.6 12460.6 12460.6 12460.6 12460.6 713.078 0 0 0 0 0 0 0 7046.82 
576 10472.6 12451.6 12461.7 12461.7 12461.7 12461.7 12461.7 12461.7 12461.7 738.94 0 0 0 0 0 0 0 7611.68 
579 10315 12448.1 12462.9 12462.9 12462.9 12462.9 12462.9 12462.9 12462.9 784.569 0 0 0 0 0 0 0 8271.4 
582 10200 12440.7 12464 12464 12464 12464 12464 12464 12464 831.151 0 0 0 0 0 0 0 8816.27 
586 10010.1 12423.2 12465.4 12465.4 12465.4 12465.4 12465.4 12465.4 12465.4 917.107 0 0 0 0 0 0 0 9671.51 
589 9851.22 12410.8 12466.4 12466.4 12466.4 12466.4 12466.4 12466.4 12466.4 1010.16 0 0 0 0 0 0 0 10377.1 
591 9746.92 12398.7 12467.1 12466.1 12467.1 12467.1 12467.1 12467.1 12467.1 1105.85 0 3 0 0 0 0 0 10850.6 
594 9597.83 12383.6 12468.1 12455.2 12468.1 12468.1 12468.1 12468.1 12468.1 1261.79 0 38.7742 0 0 0 0 0 11549.9 
597 9436.21 12360.3 12469 12434.7 12469 12469 12469 12469 12469 1421.19 0 98.9445 0 0 0 0 0 12301.3 
600 9287.82 12339.6 12469.9 12410.8 12469.9 12469.9 12469.9 12469.9 12469.9 1525.59 0 157.364 0 0 0 0 0 13026.3 
603 9146.99 12324.9 12470.8 12382.7 12470.8 12470.8 12470.8 12470.8 12470.8 1619.27 0 231.061 0 0 0 0 0 13742.8 
606 9016.14 12307.6 12471.7 12347.1 12471.7 12471.7 12471.7 12471.7 12471.7 1705.97 0 326.591 0 0 0 0 0 14441 
609 8884.49 12290.6 12472.5 12294.7 12472.5 12472.5 12472.5 12472.5 12472.5 1808.53 0 464.151 0 0 0 0 0 15152.4 
612 8764.77 12245.9 12473.4 12230.4 12473.4 12473.4 12473.4 12473.4 12473.4 2020.44 0 630.008 0 0 0 0 0 15840.6 
615 8647.29 12207 12474.1 12161.2 12474.1 12474.1 12474.1 12474.1 12474.1 2209.9 0 814.226 0 0 0 0 0 16532.4 
617 8574.77 12184.4 12474.7 12113.5 12474.7 12474.7 12474.7 12474.7 12474.7 2326.31 0 942.948 0 0 0 0 0 16982.4 
620 8455.63 12150.5 12475.4 12033.4 12475.4 12475.4 12475.4 12475.4 12475.4 2492.16 0 1170.15 0 0 0 0 0 17697.3 
622 8387.22 12134.1 12475.9 11964.7 12475.9 12475.9 12475.9 12475.9 12475.9 2589.18 0 1373.47 0 0 0 0 0 18146.2 
624 8322.31 12112.3 12476.4 11895.9 12476.4 12476.4 12476.4 12476.4 12476.4 2693.84 0 1582.07 0 0 0 0 0 18588.4 
627 8226.43 12072.2 12477.1 11809.3 12477.1 12477.1 12477.1 12477.1 12477.1 2865.54 0 1852.79 0 0 0 0 0 19255.3 
629 8149.16 12058.8 12477.5 11761.8 12477.5 12477.5 12477.5 12477.5 12477.5 2955.72 0 2008.83 0 0 0 0 0 19744.7 
631 8088.88 12043.4 12478 11695.7 12478 12478 12478 12478 12478 3059.53 0 2224.96 0 0 0 0 0 20187.3 
634 8011.66 12019.1 12478.6 11602.9 12478.6 12478.6 12478.6 12478.6 12478.6 3221.17 0 2532.07 0 0 0 0 0 20818.6 
637 7919.91 11985 12479.3 11516.9 12479.3 12479.3 12479.3 12479.3 12479.3 3375.13 0 2827.94 0 0 0 0 0 21500.2 
640 7832.78 11953.8 12479.9 11442.8 12479.9 12479.9 12479.9 12479.9 12479.9 3531.78 0 3091.35 0 0 0 0 0 22176.5 
642 7795.56 11951.7 12480.3 11383 12480.3 12480.3 12480.3 12480.3 12480.3 3582.65 0 3304.35 0 0 0 0 0 22568.7 
645 7729.64 11902.7 12479.9 11295.5 12480.9 12480.9 12480.9 12480.9 12480.9 3795.88 3 3623.61 0 0 0 0 0 23191.9 
648 7675.25 11849.9 12480.5 11204.5 12481.4 12481.4 12481.4 12481.4 12481.4 4015.82 3 3960.95 0 0 0 0 0 23786.4 
651 7535.71 11816.8 12481.1 11128.7 12482 12482 12482 12482 12482 4180.25 89.3243 4261.16 0 0 0 0 0 24643.9 
654 7499.22 11779.3 12481.6 11015.9 12482.5 12482.5 12482.5 12482.5 12482.5 4351.87 135.324 4680.31 0 0 0 0 0 25201 
656 7455.32 11761.4 12482 10942.7 12482.9 12482.9 12482.9 12482.9 12482.9 4448.01 149.324 4958.5 0 0 0 0 0 25633.5 
658 7407.07 11747.6 12482.4 10889.5 12483.2 12483.2 12483.2 12483.2 12483.2 4535.04 149.324 5181.93 0 0 0 0 0 26081.7 
661 7323.03 11713.3 12482.9 10818.5 12483.7 12483.7 12483.7 12483.7 12483.7 4715.5 149.329 5497.09 0 0 0 0 0 26794.8 
663 7266.54 11702.2 12483.2 10775.6 12484 12484 12484 12484 12484 4797.56 149.42 5695.19 0 0 0 0 0 27275.7 
666 7169.84 11676.8 12483.7 10687.6 12484.5 12484.5 12484.5 12484.5 12484.5 4953.54 149.952 6070.28 0 0 0 0 0 28040.1 
668 7134.58 11656.5 12484 10635.7 12484.8 12484.8 12484.8 12484.8 12484.8 5066.85 151.949 6303.5 0 0 0 0 0 28465.5 
671 7035.34 11637.3 12484.5 10562.1 12485.3 12485.3 12485.3 12485.3 12485.3 5207.76 151.94 6644.61 0 0 0 0 0 29248.8 
673 6986.03 11628.9 12484.8 10502.4 12485.6 12485.6 12485.6 12485.6 12485.6 5304.35 151.929 6909.06 0 0 0 0 0 29725 
676 6887.33 11613.5 12485.3 10395.9 12486 12486 12486 12486 12486 5472.4 151.902 7361.66 0 0 0 0 0 30519.1 
679 6822.6 11603.4 12485.7 10295.3 12486.4 12486.4 12486.4 12486.4 12486.4 5633.64 153.856 7800.44 0 0 0 0 0 31220.5 
681 6775.29 11592.5 12486 10228.2 12486.7 12485.7 12486.7 12486.7 12486.7 5763.31 153.812 8095.61 0 3 0 0 0 31703.6 
684 6702.06 11587.7 12486.4 10129.8 12487.1 12486.1 12487.1 12487.1 12487.1 5914.5 155.725 8542.18 0 3 0 0 0 32440.8 
687 6660.46 11568.1 12486.8 10021.3 12487.5 12486.5 12487.5 12487.5 12487.5 6112.03 157.605 9030.9 0 3 0 0 0 33088.8 
689 6582.48 11558.9 12487.1 9958.25 12487.7 12486.8 12487.7 12487.7 12487.7 6226.12 157.505 9333.93 0 3 0 0 0 33674.5 
692 6533.69 11555.8 12487.5 9849.45 12488.1 12487.2 12488.1 12488.1 12488.1 6346.97 157.529 9836.27 0 2.99999 0 0 0 34355.7 
694 6523.27 11534.7 12487.7 9791.33 12488.3 12487.4 12488.3 12488.3 12488.3 6509.09 161.375 10134.8 0 2.99997 0 0 0 34744.9 
697 6454.86 11517.7 12488.1 9685.59 12488.7 12487.8 12488.7 12488.7 12488.7 6694.19 164.128 10642.6 0 2.99988 0 0 0 35490.6 
701 6378.04 11501.4 12488.5 9569.99 12489.1 12488.3 12489.1 12489.1 12489.1 6946.86 165.243 11261.5 0 2.99953 0 0 0 36449.8 
703 6333.02 11496.1 12488.8 9511.87 12489.3 12488.5 12489.3 12489.3 12489.3 7070.67 166.914 11578.4 0 2.99919 0 0 0 36953 
707 6289.63 11472.3 12489.2 9391.53 12489.7 12489 12489.7 12489.7 12489.7 7331.32 171.121 12234.7 0 2.99804 0 0 0 37824.7 
709 6250.72 11468.3 12489.4 9317.82 12489.9 12489.2 12489.9 12489.9 12489.9 7443.84 172.796 12608.9 0 2.99715 0 0 0 38314.3 
712 6208.37 11441.4 12489.7 9249.23 12490.2 12489.5 12490.2 12490.2 12490.2 7681.17 174.286 13049.5 0 2.99535 0 0 0 39004.9 
716 6167.61 11422.8 12490.2 9128.79 12490.6 12489.9 12490.6 12490.6 12490.6 7929.84 200.469 13726.5 0 2.99195 0 0 0 39884.4 
718 6163.23 11404.2 12490.3 9088.44 12490.8 12490.1 12490.8 12490.8 12490.8 8074.75 200.011 14010.6 0 2.98977 0 0 0 40277.4 
722 6088.12 11397.1 12490.7 8980.4 12491.2 12490.5 12491.2 12491.2 12491.2 8269.17 189.462 14673.4 0 2.98439 0 0 0 41267.8 
724 6054.68 11381.2 12490.9 8931.88 12491.4 12490.7 12491.4 12491.4 12491.4 8396.35 188.906 14993.5 0 2.98117 0 0 0 41753 
727 6033.65 11362 12491.2 8856.34 12491.6 12491 12491.6 12491.6 12491.6 8577.07 186.61 15488.7 0 2.97566 0 0 0 42396.1 
730 6015.6 11359.9 12491.4 8777.24 12491.9 12491.3 12491.9 12491.9 12491.9 8707.37 185.201 16000.8 0 2.96935 0 0 0 43032.6 
733 5977.36 11329.9 12491.7 8685.88 12492.1 12491.5 12492.1 12492.1 12492.1 8931.2 200.913 16554.4 0 2.96225 0 0 0 43731.6 
736 5967.66 11323.7 12491.9 8579.34 12492.3 12491.8 12492.3 12492.3 12492.3 9079.66 225.762 17159.5 0 2.95438 0 0 0 44347.1 
740 5969.92 11303.5 12492.3 8439.09 12492.6 12492.1 12492.6 12492.6 12492.6 9323.26 260.099 17974.8 0 2.94275 0 0 0 45122.6 
743 5943.59 11277.6 12492.5 8318.3 12492.9 12492.3 12492.9 12492.9 12492.9 9529.72 286.095 18636.4 0 2.93322 0 0 0 45789.9 
747 5944.97 11293.6 12492.8 8196.67 12493.1 12492.6 12493.1 12493.1 12493.1 9648.87 294.666 19410.4 0 2.91952 0 0 0 46572 
751 5945.33 11227.7 12493.1 8074.58 12493.4 12492.9 12493.4 12493.4 12493.4 10028.4 291.646 20197.4 0 2.90479 0 0 0 47355.3 
754 5935.41 11222.4 12493.3 7976.57 12493.6 12493.1 12493.6 12493.6 12493.6 10172.9 300.752 20815.9 0 2.89312 0 0 0 47971.9 
758 5942.95 11212.4 12493.5 7823.47 12493.9 12493.4 12493.9 12493.9 12493.9 10378.4 320.529 21722.9 0 2.87682 0 0 0 48734.8 
762 5964.67 11140.4 12493.8 7692.02 12494.1 12493.7 12494.1 12494.1 12494.1 10762 386.653 22590.7 0 2.85978 0 0 0 49453.4 
766 5969.27 11124.3 12494 7565.96 12494.3 12493.9 12494.3 12494.3 12494.3 10979 453.536 23459.1 0 2.84209 0 0 0 50221.9 
771 5983.41 11055.8 12494.3 7401.42 12494.6 12494.2 12494.6 12494.6 12494.6 11396.2 504.734 24586 0 2.81919 0 0 0 51155.1 
775 5990.66 11030.1 12494.6 7295.54 12493.9 12493.4 12494.8 12494.8 12494.8 11658.1 531.26 25427.2 3.01807 5.80036 0 0 0 51912.5 
780 5972.47 11008.5 12494.8 7120.9 12494.2 12492.8 12495.1 12495.1 12495.1 11980.3 561.309 26616.7 9.11936 8.7763 0 0 0 52940.1 
784 5950.48 10995.2 12495 7020.92 12494.4 12492.1 12495.3 12495.3 12495.3 12225.7 578.137 27458.8 21.1498 11.0067 0 0 0 53787.4 
788 5982.86 10977.8 12495.2 6928.8 12494.6 12489.4 12495.5 12495.5 12495.5 12490.4 578.323 28287.5 31.1647 17.8886 0 0 0 54469.9 
793 5994.81 10940 12491.5 6808.09 12494.9 12453.7 12495.7 12495.7 12495.7 12891.1 590.484 29364.1 43.1754 96.4695 0 0 0 55405.4 
798 6010.37 10950.4 12484 6690.36 12495.1 12426.5 12495.9 12495.9 12495.9 13168.5 619.85 30447.2 58.9312 152.697 0 0 0 56328 
803 6008.99 10919.4 12475.9 6534.77 12495.4 12393.8 12496.1 12496.1 12496.1 13583.2 676.206 31662.3 78.5666 218.051 0 0 0 57298 
809 6075.23 10908.8 12467.5 6356.77 12490.7 12390.3 12496.3 12496.3 12496.3 13974 732.294 33122.2 111.87 195.582 0 0 0 58255.5 
815 6141.65 10856.4 12463.5 6154.72 12483.4 12394.8 12496.5 12496.5 12496.5 14500.2 772.664 34684 144.47 169.496 0 0 0 59197.3 
821 6218.14 10832.3 12460.8 5985.23 12476.6 12399 12496.7 12496.7 12496.7 14907.3 861.279 36172.3 183.311 156.428 0 0 0 60098.7 
825 6257.97 10775.3 12457.5 5889.33 12473.5 12403 12496.9 12496.9 12496.9 15313.9 1032.68 37122.8 248.062 145.963 0 0 0 60723.5 
831 6310.46 10655.5 12455.1 5771.91 12471.2 12407.7 12497.1 12497.1 12497.1 16032.9 1160.74 38479.7 350.411 136.571 0 0 0 61675.2 
837 6404.14 10577.4 12450.9 5617.66 12472.9 12412.2 12497.2 12497.2 12497.2 16651.1 1440.73 39970.4 451.226 129.355 0 0 0 62485.6 
843 6460.39 10510.7 12449.8 5454.75 12474.5 12417.3 12497.4 12497.4 12497.4 17198 1640.61 41501.1 592.559 122.616 0 0 0 63396 
848 6544.14 10463.3 12449.4 5324.76 12475.7 12421.4 12497.5 12497.5 12497.5 17616.5 1637.93 42774.4 741.576 118.122 0 0 0 64034.5 
853 6610.61 10393.1 12447.9 5181.4 12476.9 12424.2 12497.6 12497.6 12497.6 18127.3 1704.91 44109.7 896.596 117.249 0 0 0 64711.4 
859 6657.24 10354.7 12444.2 5066.31 12478.3 12428.7 12497.8 12497.8 12497.8 18615.8 1961.47 45560.3 1112.51 113.216 0 0 0 65613.1 
864 6726.61 10285 12442.1 4920.62 12478.4 12432.2 12497.9 12497.9 12497.9 19134.7 2101.53 46931 1311.41 110.262 0 0 0 66262.2 
870 6764.64 10215.5 12438.8 4819.54 12451.2 12436.1 12498 12498 12498 19738.5 2387.43 48379.6 1467.82 107.109 0 0 0 67166.3 
875 6803.75 10164.9 12428.2 4723.49 12407.4 12439.3 12498.1 12498.1 12498.1 20226.4 2534.2 49646.8 1660.16 104.778 0 0 0 67891.4 
881 6874.81 10011.4 12414.3 4651.25 12365.9 12442.8 12498.2 12498.2 12498.2 21217.8 2749.96 51060.4 1930.9 115.665 0 0 0 68678.8 
885 6863.38 9922.94 12400.5 4607.81 12339.5 12445.1 12498.3 12498.3 12498.3 21802.3 2956.91 51994.9 2123.21 114.212 0 0 0 69375.4 
889 6900.82 9809.26 12390.2 4585.29 12296.7 12446.3 12498.4 12498.4 12498.4 22469.9 3065.11 52871.8 2349.79 116.136 0 0 0 69924.3 
895 6947.22 9654.37 12379.3 4537.81 12237.8 12437.7 12498.4 12498.4 12498.4 23422.4 3233.61 54248.2 2668.81 187.888 0 0 0 70766.2 
898 6962.35 9558.86 12371.1 4523.01 12210.4 12422 12498.5 12498.5 12498.5 23971.3 3331.16 54900.7 2814.61 258.499 0 0 0 71206.5 
903 6982.7 9428.62 12363.5 4466.5 12144.3 12422.2 12498.6 12498.6 12498.6 24802 3465.25 56086 3118.22 280.334 0 0 0 71955.6 
906 7022.49 9337.9 12364.6 4407.95 12093.9 12419.5 12498.6 12498.6 12498.6 25357.8 3537.12 56879.8 3354.62 294.485 0 0 0 72320.1 
908 7073.05 9247.22 12367.3 4363.22 12065.2 12417.1 12498.6 12498.6 12498.6 25818.2 3579.95 57427.5 3504.52 305.937 0 0 0 72488.5 
912 7135.35 9147.93 12359.5 4329.26 11998.9 12417.4 12498.7 12498.7 12498.7 26513.6 3697.56 58369 3873.77 321.033 0 0 0 72934.2 
915 7146.98 9059.19 12356.8 4280.43 11949.7 12416.9 12498.7 12498.7 12498.7 27093.6 3780.62 59142.8 4152.16 346.956 0 0 0 73369.9 
919 7196.76 8940.59 12360.5 4224.89 11890 12417.2 12498.8 12498.8 12498.8 27941 3891.51 60153.2 4515.7 394.028 0 0 0 73843.3 
922 7214.43 8836.63 12351.7 4195.45 11846.9 12416.7 12498.8 12498.8 12498.8 28595.6 3992.28 60871.7 4756.71 435.441 0 0 0 74254.2 
923 7229.28 8808.52 12352.2 4182.02 11836.8 12403.5 12498.8 12498.8 12498.8 28799.7 4014.89 61122 4827.55 481.321 0 0 0 74364 
926 7272.32 8701.71 12354.6 4102.04 11796.5 12401.5 12498.9 12498.9 12498.9 29481.1 4124.22 62000.2 5083.12 503.922 0 0 0 74695.2 
928 7272.89 8630.52 12354.5 4059.43 11765.4 12403.4 12498.9 12498.9 12498.9 29937.3 4191.03 62557.3 5275.29 508.099 0 0 0 74998.7 
931 7312.74 8522.17 12351.9 4004.84 11721.3 12406.3 12498.9 12498.9 12498.9 30630.2 4330.29 63375.3 5580.23 532.021 0 0 0 75335.7 
933 7342.17 8449.09 12346.9 4005.74 11698.5 12408.2 12498.9 12498.9 12498.9 31105.7 4435.27 63808.3 5784.31 551.614 0 0 0 75549.7 
935 7354.67 8366.28 12334 3976.45 11679.4 12395.5 12499 12499 12499 31617.6 4603.68 64330.6 6033.39 614.094 0 0 0 75810.9 
937 7358.39 8281.21 12335.3 3910.9 11655.8 12389.6 12499 12499 12499 32146.1 4720.94 64966.3 6280.35 663.704 0 0 0 76097.8 
940 7369.91 8157.98 12337.3 3887.59 11631.3 12392.9 12499 12499 12499 32947.1 4913.74 65698.9 6636.8 691.161 0 0 0 76505.5 
942 7399.4 8062.06 12329.5 3876.14 11597.8 12395 12499 12499 12499 33499.4 5015.04 66174.3 6882.81 710.856 0 0 0 76711.4 
945 7410.43 7949.43 12300.8 3886.11 11567.7 12398.2 12499.1 12499.1 12499.1 34264.2 5239.95 66808.9 7194.8 724.752 0 0 0 77118.2 
947 7405.92 7855.21 12292.8 3881.31 11559.6 12395.2 12499.1 12499.1 12499.1 34834.5 5378.4 67265.9 7392.87 741.999 0 0 0 77422.9 
949 7424.24 7770.29 12275.4 3867.2 11529.2 12393.3 12499.1 12499.1 12499.1 35367.8 5555.88 67762.3 7673.57 759.052 0 0 0 77656.4 
951 7423.92 7674.73 12272.2 3835.12 11501.2 12393.4 12499.1 12499.1 12499.1 35944.7 5694.9 68313.7 7909.91 766.713 0 0 0 77946.4 
953 7439.21 7613.93 12272.8 3832.94 11492.9 12395.5 12499.1 12499.1 12499.1 36414.9 5833.35 68760.1 8073.55 770.38 0 0 0 78190.4 
955 7445.83 7541.97 12266.3 3791.57 11469.1 12385.7 12499.2 12499.2 12499.2 36931.3 5980.61 69328 8336.04 806.053 0 0 0 78460 
958 7410.04 7372.34 12227.3 3782.12 11460.4 12386.1 12499.2 12499.2 12499.2 37971.7 6274.54 70036.8 8613.07 814.575 0 0 0 79002.5 
960 7419.5 7293.19 12208.9 3779.5 11451.8 12384.4 12499.2 12499.2 12499.2 38575.6 6470.12 70506.3 8819.68 828.262 0 0 0 79264.2 
962 7405.33 7167.99 12184.3 3779.35 11438.6 12377.7 12499.2 12499.2 12499.2 39315.7 6663.87 70958.1 9044.19 855.092 0 0 0 79594.1 
965 7430.57 7045.67 12154.4 3767.54 11427 12374.4 12499.2 12499.2 12499.2 40169.8 6931.09 71677.9 9319.97 875.95 0 0 0 79950.7 
968 7423.38 6937.96 12113.9 3771.92 11398.9 12368.3 12499.3 12499.3 12499.3 40978.3 7239.88 72347.6 9628.47 908.45 0 0 0 80402.1 
969 7433.09 6893.74 12102.7 3769.15 11398.2 12368.6 12499.3 12499.3 12499.3 41274.9 7343.93 72583 9701.64 911.306 0 0 0 80517 
973 7452.36 6728.85 12064.2 3775.41 11367.8 12357.2 12499.3 12499.3 12499.3 42437.7 7793.98 73487.7 10135.9 964.223 0 0 0 81034.6 
976 7487.88 6587.48 12022.5 3784.68 11329.8 12358.5 12499.3 12499.3 12499.3 43377.9 8220.03 74154.8 10604 976.814 0 0 0 81356.4 
978 7511.59 6502.23 11996.2 3822.8 11324.6 12360.3 12499.3 12499.3 12499.3 43983 8488.9 74492.9 10875.1 983.546 0 0 0 81568.2 
981 7502.56 6339.38 11952.3 3812.96 11298.5 12362.5 12499.3 12499.3 12499.3 45012.6 8888.69 75205.6 11300.8 992.772 0 0 0 82019.8 
983 7513.79 6259.91 11909.1 3810.51 11280.4 12361.2 12499.4 12499.4 12499.4 45627.6 9164.5 75673.7 11540.9 1008.51 0 0 0 82270.6 
986 7518.34 6143.3 11845.8 3857.96 11272.5 12345.7 12499.4 12499.4 12499.4 46567 9566.9 76258 11795 1075.2 0 0 0 82681.6 
989 7521.16 6045.09 11783.2 3838.26 11248.2 12340.4 12499.4 12499.4 12499.4 47431.3 10009.1 77072.4 12128.9 1109.07 0 0 0 83096.4 
991 7500.95 5964.18 11762.4 3854.38 11248.1 12330.6 12499.4 12499.4 12499.4 48065.5 10241.1 77516.9 12284.9 1149.83 0 0 0 83439.6 
993 7511.06 5884.89 11724.1 3865.09 11230.8 12317.1 12499.4 12499.4 12499.4 48679.1 10524.8 77969.2 12496.7 1204.59 0 0 0 83692.2 
996 7475.26 5761.44 11681.6 3854.96 11224.3 12304.6 12499.4 12499.4 12499.4 49640 10859.3 78715.7 12711.8 1268.24 0 0 0 84223.3 
998 7465.29 5704.97 11643.8 3890.45 11221.5 12274.9 12499.4 12499.4 12499.4 50201 11078.6 79160.8 12851.4 1371.5 0 0 0 84534.2 
1001 7435.78 5568.86 11608.7 3878.59 11220.3 12238.1 12499.5 12499.5 12499.5 51207.1 11411.9 79865.8 13102.4 1512.66 0 0 0 85044.6 
1005 7387.06 5400.16 11586.6 3898.32 11219.5 12218.6 12499.5 12499.5 12499.5 52794.1 11756.7 80686.7 13384.6 1610.35 0 0 0 85755.8 
1007 7353.83 5293.56 11571.7 3913.55 11219.7 12217.2 12499.5 12499.5 12499.5 53498.4 11946.7 81084.6 13517.4 1633.13 0 0 0 86129.2 
1010 7307.94 5180.67 11555.5 3896.81 11224.7 12214.7 12499.5 12499.5 12499.5 54451.3 12219.5 81795.4 13726.7 1667.94 0 0 0 86681.8 
1013 7285.19 5075.46 11530.5 3913.72 11219 12201.6 12499.5 12499.5 12499.5 55400.9 12505.5 82404.1 13969.8 1739.24 0 0 0 87171.8 
1017 7225.72 4883.62 11506.6 3871.65 11225.3 12198.6 12499.5 12499.5 12499.5 56845.1 12836 83419.2 14263.1 1789.83 0 0 0 87912.2 
1019 7176.65 4754.03 11489.4 3856.09 11229.8 12183.9 12499.6 12499.6 12499.6 57678.6 13010.4 83912.3 14397.3 1852.14 0 0 0 88346 
1021 7178.45 4675.59 11484 3870.44 11231.2 12158.3 12499.6 12499.6 12499.6 58359.9 13231.8 84318.4 14536.3 1950.23 0 0 0 88632 
1024 7144.21 4579.94 11473.4 3891.41 11243.1 12133.7 12499.6 12499.6 12499.6 59325.5 13467.4 84913.1 14724 2057.59 0 0 0 89165.7 
1026 7133.19 4530.71 11443.6 3900.36 11255.2 12101.5 12499.6 12499.6 12499.6 59918 13679.1 85341 14822.1 2176.97 0 0 0 89491 
1029 7094.41 4419.81 11417.4 3879.83 11248.4 12069.6 12499.6 12499.6 12499.6 60943 13970.2 86088.2 15054.8 2309.1 0 0 0 90046.9 
1032 7107.13 4346.4 11411.5 3890.94 11263.8 12010.2 12499.6 12499.6 12499.6 61855.2 14202.2 86717.8 15220 2527.64 0 0 0 90450.1 
1033 7101.35 4299.73 11406.3 3899.09 11274.1 11987.1 12499.6 12499.6 12499.6 62228.3 14282.4 86914.8 15248.3 2611.55 0 0 0 90615.4 
1035 7097.66 4224.97 11377.3 3892.87 11283.6 11938.8 12499.6 12499.6 12499.6 62922.1 14595.7 87534.2 15350.6 2787.99 0 0 0 90923.1 
1038 7096.36 4141.76 11354.6 3893.48 11274.3 11859.5 12499.6 12499.6 12499.6 63879.4 14945 88194.6 15581.4 3080.55 0 0 0 91368.6 
1040 7115.07 4115.74 11351.8 3911.8 11281.8 11826.8 12499.6 12499.6 12499.6 64431.6 15144.9 88578.2 15705.7 3217.1 0 0 0 91606 
1044 7096.43 3982.77 11304.3 3892.61 11294.2 11754.8 12499.7 12499.7 12499.7 65805.8 15705.3 89622.5 15986.1 3517.15 0 0 0 92248.5 
1048 7083.72 3912.81 11274.4 3886.41 11298.5 11683.3 12499.7 12499.7 12499.7 66994.6 16243.3 90645.9 16366.3 3833.27 0 0 0 92871.5 
1051 7097.8 3852.29 11272.3 3898.88 11310 11622.7 12499.7 12499.7 12499.7 67897 16537.3 91285.4 16582.6 4098.04 0 0 0 93265.3 
1055 7081.69 3744.17 11240.7 3864.01 11317.2 11540.2 12499.7 12499.7 12499.7 69203.8 17023 92322.8 16904.7 4466.43 0 0 0 93891.3 
1057 7073.53 3700.73 11225.4 3881.17 11326.3 11482.5 12499.7 12499.7 12499.7 69823.5 17247 92758.3 17038.6 4701.83 0 0 0 94208.8 
1060 7065.18 3680.02 11190.7 3884.89 11348.1 11409.1 12499.7 12499.7 12499.7 70621.4 17579.9 93480.6 17219.9 5024.97 0 0 0 94671.8 
1064 7039.91 3628.17 11169.1 3915.64 11347.8 11326 12499.7 12499.7 12499.7 71764.7 17991.5 94358 17546.3 5417.37 0 0 0 95325.7 
1067 7002.07 3545.95 11156.9 3937.78 11365.6 11267.8 12499.7 12499.7 12499.7 72758.9 18361.9 94952.4 17783.7 5708.95 0 0 0 95877.8 
1068 7010.11 3541.52 11146.5 3942.5 11370.2 11251 12499.7 12499.7 12499.7 73023.1 18503.9 95152.5 17855.1 5800.36 0 0 0 96000.3 
1072 7032.63 3514.03 11146.7 3951.24 11389.6 11128.7 12499.7 12499.7 12499.7 74135.3 18984.7 95995.7 18181 6332.2 0 0 0 96518.4 
1077 6995.28 3421.52 11134.8 3972.86 11398.4 10987.5 12499.8 12499.8 12499.8 75699.4 19535.9 97023.7 18595.2 6979.07 0 0 0 97366 
1081 6988.75 3357.15 11114.4 3972.62 11426.3 10902.6 12499.8 12499.8 12499.8 76910.2 20073.5 97937 18848.2 7427.04 0 0 0 97977.6 
1084 6989.63 3368.72 11106.8 3998.42 11437.6 10859.8 12499.8 12499.8 12499.8 77709.7 20406.1 98544.6 19041.6 7703.96 0 0 0 98420.4 
1087 6983.97 3307.11 11089.1 3992.9 11437.6 10803.8 12499.8 12499.8 12499.8 78716.5 20776.1 99248.8 19271 8024.63 0 0 0 98877.8 
1089 6961.89 3267.97 11088.7 3978.51 11452.8 10751.8 12499.8 12499.8 12499.8 79354.5 21008.1 99741.1 19370.9 8283.27 0 0 0 99240.3 
1091 6955.35 3218.54 11076.3 3974.69 11469.6 10706.8 12499.8 12499.8 12499.8 80021.1 21284 100200 19456.3 8525.49 0 0 0 99555.7 
1095 6929.05 3202.28 11062.7 3991.6 11483.6 10619.8 12499.8 12499.8 12499.8 81074.4 21791.7 101023 19728.2 9005.71 0 0 0 100217 
1097 6939.27 3199.83 11062.3 3994.33 11492.9 10578.3 12499.8 12499.8 12499.8 81575.3 21978.7 101444 19817.9 9243.06 0 0 0 100475 
1099 6910.89 3154.35 11043 3982.16 11495 10511.7 12499.8 12499.8 12499.8 82221.9 22241.1 101907 19950.8 9559.4 0 0 0 100849 
1103 6929.31 3098.46 11028.9 3983.17 11521.8 10399.7 12499.8 12499.8 12499.8 83400.5 22695.8 102782 20103.6 10139.5 0 0 0 101376 
1106 6916.77 3061.54 11010 3982.9 11539 10308.8 12499.8 12499.8 12499.8 84284.1 23050.8 103441 20208 10606.9 0 0 0 101852 
1109 6928 3024.29 11014.8 3976.31 11548.8 10215.3 12499.8 12499.8 12499.8 85180 23315.3 104114 20333.1 11089.1 0 0 0 102254 
1111 6923.84 3003.78 11023.9 3970.2 11556.8 10139.4 12499.8 12499.8 12499.8 85753.9 23495.6 104566 20419.8 11457.1 0 0 0 102556 
1113 6937.72 3011.8 11023.1 3991.73 11567.6 10066.2 12499.8 12499.8 12499.8 86266.6 23715 104935 20489.4 11819.6 0 0 0 102806 
1115 6904.41 2991.11 11029 3973.99 11581.2 10010.7 12499.8 12499.8 12499.8 86867.7 23896.8 105422 20586.4 12134.7 0 0 0 103200 
1121 6867.03 2960.77 11058.1 3999.5 11605.6 9885.43 12499.8 12499.8 12499.8 88589.5 24379.8 106638 20878.9 12972.4 0 0 0 104201 
1124 6823.34 2916.87 11054.7 3972.26 11623.2 9835.17 12499.8 12499.8 12499.8 89519 24658.8 107406 20995.7 13359.8 0 0 0 104772 
1127 6813.1 2911.07 11069.3 3951.13 11633.3 9779.48 12499.8 12499.8 12499.8 90359.4 24881.1 108147 21128.1 13768.4 0 0 0 105249 
1129 6828.35 2923.76 11069.1 3970.2 11646.6 9715.92 12499.9 12499.9 12499.9 90851 25036.6 108522 21193 14123.2 0 0 0 105498 
1133 6837.55 2904.3 11089.1 3970.95 11661.5 9651.05 12499.9 12499.9 12499.9 91970.6 25357.7 109365 21388.6 14655.8 0 0 0 106066 
1137 6830.16 2865.93 11099.5 3983.53 11681.8 9536.19 12499.9 12499.9 12499.9 93142.1 25728.5 110171 21568.9 15346.8 0 0 0 106676 
1140 6864.93 2848.89 11099.4 3976.29 11701.1 9464.13 12499.9 12499.9 12499.9 93982.3 25962.3 110827 21632.9 15831.7 0 0 0 107008 
1141 6879.46 2835.94 11098.6 3975.07 11697.1 9427.97 12499.9 12499.9 12499.9 94285.3 26038.1 111043 21685.8 16031.1 0 0 0 107111 
1143 6912.68 2853.38 11099 3981.48 11705.2 9361.14 12499.9 12499.9 12499.9 94762.1 26197.4 111453 21735.7 16417 0 0 0 107305 
1146 6938.94 2798.55 11096.6 3990.54 11722.8 9246.93 12499.9 12499.9 12499.9 95727.7 26438.1 112057 21806.7 17044.8 0 0 0 107667 
1148 6939.6 2782.51 11099.8 3992.46 11731.3 9182.18 12499.9 12499.9 12499.9 96327.3 26587.6 112474 21891.8 17434.8 0 0 0 107956 
1149 6947.79 2780.25 11104.8 4005.95 11733 9145.39 12499.9 12499.9 12499.9 96596.9 26644 112641 21920.9 17644.6 0 0 0 108077 
1151 6956.25 2763.29 11118.8 3990.96 11738.3 9075.29 12499.9 12499.9 12499.9 97187.2 26776 113104 21997 18057 0 0 0 108342 
1154 6937.2 2742.99 11116.2 3994.58 11757 8999.34 12499.9 12499.9 12499.9 98046.9 27036.9 113716 22086.7 18594.8 0 0 0 108830 
1157 6925.61 2699.81 11147.3 3990.58 11769.1 8898.31 12499.9 12499.9 12499.9 98978.2 27222.6 114351 22201.8 19215.9 0 0 0 109295 
1160 6939.53 2688.98 11159.8 4004.86 11781.9 8805.94 12499.9 12499.9 12499.9 99807.8 27489.1 114925 22338.4 19819.2 0 0 0 109686 
1162 6928.21 2688.89 11174.5 4013.37 11795.2 8735.89 12499.9 12499.9 12499.9 100341 27629.1 115309 22404.9 20252.1 0 0 0 110008 
1164 6939.18 2664.47 11180.9 4005.21 11805.3 8641.27 12499.9 12499.9 12499.9 100959 27791.2 115754 22473.4 20763.4 0 0 0 110260 
1166 6947.32 2662.5 11174 4018.28 11812.2 8585.59 12499.9 12499.9 12499.9 101510 28017.4 116134 22557.9 21164.5 0 0 0 110520 
1170 6971.81 2686.54 11189 4049.98 11829.5 8457.09 12499.9 12499.9 12499.9 102542 28379.7 116888 22705.5 22025 0 0 0 111018 
1172 6972.84 2675.29 11187.2 4051.08 11840.8 8417.78 12499.9 12499.9 12499.9 103137 28593.7 117304 22773.5 22385.9 0 0 0 111300 
1176 6958.17 2663.81 11189.8 4067.3 11864.8 8313.44 12499.9 12499.9 12499.9 104286 29040.4 118089 22917.7 23192.8 0 0 0 111909 
1179 6953.36 2633.09 11185.2 4034.68 11878.8 8217.79 12499.9 12499.9 12499.9 105206 29411.9 118801 23032 23859.2 0 0 0 112347 
1182 6995.64 2621.45 11184.7 4061.83 11895.2 8109.56 12499.9 12499.9 12499.9 106059 29768.2 119356 23161.4 24571.6 0 0 0 112649 
1184 6995.72 2619.92 11195 4078.76 11902.3 8052.3 12499.9 12499.9 12499.9 106621 29940.3 119728 23231.1 25007.2 0 0 0 112933 
1186 7003.39 2583.03 11188.8 4075.25 11908.2 7972.72 12499.9 12499.9 12499.9 107280 30165.5 120161 23307.4 25515.5 0 0 0 113193 
1188 7031.41 2559.75 11185.8 4081.02 11913.4 7904.29 12499.9 12499.9 12499.9 107904 30389.6 120569 23385.8 26011.3 0 0 0 113391 
1190 7068.21 2558.75 11180.9 4092.21 11924 7857.64 12499.9 12499.9 12499.9 108459 30593.7 120969 23435.2 26427.1 0 0 0 113563 
1193 7089.97 2573.86 11170.8 4088.32 11941.1 7776.58 12499.9 12499.9 12499.9 109253 30946.7 121603 23511.1 27090.2 0 0 0 113915 
1195 7104.3 2544.81 11171.3 4083.93 11951.3 7705.86 12499.9 12499.9 12499.9 109889 31170.8 122030 23552.7 27588.5 0 0 0 114151 
1198 7103.48 2536.2 11166.4 4083.72 11961.6 7631.78 12499.9 12499.9 12499.9 110734 31493.4 122665 23646.6 28243.7 0 0 0 114572 
1201 7137.31 2527.09 11144.9 4076.33 11977.6 7530.34 12499.9 12499.9 12499.9 111578 31876.8 123346 23760.4 28988.9 0 0 0 114882 
1203 7160.17 2508.32 11138.7 4072.15 11984.1 7457.35 12499.9 12499.9 12499.9 112187 32087.4 123806 23860.9 29506.9 0 0 0 115089 
1204 7170.84 2488.02 11140.1 4081.01 11986.2 7416.06 12499.9 12499.9 12499.9 112527 32189.5 124002 23915.1 29781.9 0 0 0 115193 
1205 7165.57 2498.1 11144.3 4093.63 11990.4 7401.58 12499.9 12499.9 12499.9 112775 32282.9 124185 23953.6 29979.7 0 0 0 115345 
1208 7196.3 2464.67 11140.2 4109.5 12005.5 7313.16 12499.9 12499.9 12499.9 113719 32609.5 124794 24051.1 30707 0 0 0 115663 
1211 7211.08 2439.52 11144.4 4102.72 12018.2 7237.66 12499.9 12499.9 12499.9 114632 32920.5 125472 24180.6 31402.4 0 0 0 116025 
1215 7241 2453.81 11158.3 4134.83 12037.2 7126.09 12499.9 12499.9 12499.9 115718 33309.6 126236 24349.4 32372.2 0 0 0 116471 
1218 7257.07 2412.19 11159.3 4113.78 12050 7069.59 12499.9 12499.9 12499.9 116661 33636.5 126911 24454 33028.2 0 0 0 116824 
1221 7276.96 2427.5 11154 4108.69 12061.4 7043.46 12499.9 12499.9 12499.9 117432 33930.8 127524 24533.4 33595.8 0 0 0 117158 
1223 7282.61 2463.72 11166.9 4148.72 12067.1 7007.4 12499.9 12499.9 12499.9 117864 34075 127803 24616.6 34030.9 0 0 0 117401 
1225 7291.2 2479.69 11165.3 4156.53 12073.7 6965.93 12499.9 12499.9 12499.9 118358 34274.2 128172 24710.7 34485.3 0 0 0 117631 
1228 7313.85 2467.59 11163.9 4142.98 12083.4 6894.11 12499.9 12499.9 12499.9 119247 34616.1 128828 24951.4 35200.8 0 0 0 117952 
1231 7358.41 2478.22 11167.7 4170.4 12083.9 6827 12499.9 12499.9 12499.9 120050 34957.5 129364 25219.8 35908.7 0 0 0 118208 
1235 7359.27 2497.6 11161.1 4146.03 12083.6 6769.59 12499.9 12499.9 12499.9 121113 35287.1 130266 25449.9 36763.8 0 0 0 118724 
1238 7368.86 2502.01 11153.3 4138.4 12089 6691.99 12500 12500 12500 121910 35531.4 130907 25585.3 37514 0 0 0 119079 
1241 7410.94 2547.63 11149.7 4154.79 12098.3 6632.78 12500 12500 12500 122573 35775.8 131470 25691.4 38215.3 0 0 0 119335 
1247 7449.77 2548.87 11134.8 4143.17 12093.5 6523.98 12500 12500 12500 124178 36282.5 132751 26033.6 39610.9 0 0 0 119985 
1250 7459.92 2573.75 11127.7 4132.81 12075.8 6484.25 12500 12500 12500 124911 36516.5 133400 26285.8 40268.5 0 0 0 120321 
1254 7490.43 2589.67 11118.4 4136.39 12078.7 6437.75 12500 12500 12500 125944 36843.9 134200 26544.9 41133.6 0 0 0 120712 
1257 7526.69 2620.11 11120 4149.04 12073.4 6394.91 12500 12500 12500 126646 37060.4 134768 26713.4 41810 0 0 0 120965 
1261 7562.27 2621.67 11118.5 4148.66 12062.5 6327.94 12500 12500 12500 127698 37369 135590 26923 42746 0 0 0 121342 
1266 7598.82 2638.95 11111.6 4151.3 12040.7 6226.51 12500 12500 12500 128973 38231.5 136577 27218.3 43983 0 0 0 121834 
1270 7582.67 2632.17 11093 4125.46 12036.2 6181.94 12500 12500 12500 130043 38771.6 137463 27391.1 44872.8 0 0 0 122361 
1274 7598.26 2668.6 11069.1 4145.73 12034 6153.27 12500 12500 12500 130980 39192.8 138243 27588.7 45712.3 0 0 0 122796 
1277 7602.84 2653.92 11059.2 4165.15 12041.8 6099.11 12500 12500 12500 131798 39456.8 138802 27697.9 46446 0 0 0 123138 
1281 7578.18 2671.44 11063.2 4128.54 12028.4 6079.14 12500 12500 12500 132790 39765.4 139719 27914.7 47269.9 0 0 0 123684 
1285 7570.44 2644.32 11076.5 4111.83 12018.3 6047.12 12500 12500 12500 133935 40043.3 140577 28115.9 48130.6 0 0 0 124176 
1288 7536.86 2656.29 11080 4129.52 12009.9 6001.7 12500 12500 12500 134690 40316.5 141129 28326.6 48844.5 0 0 0 124625 
1289 7526.06 2654.12 11077.6 4130.85 12003.8 5972.46 12500 12500 12500 134960 40399.7 141322 28378.3 49122.8 0 0 0 124772 
1291 7484.77 2659.18 11076 4132.92 11995.7 5938.22 12500 12500 12500 135495 40550.7 141718 28484.4 49610.7 0 0 0 125122 
1293 7444.3 2638.12 11082 4145.18 11991.8 5887.98 12500 12500 12500 136098 40683 142093 28573 50148.9 0 0 0 125474 
1295 7456.92 2661.66 11073.5 4162.28 11984.3 5876.04 12500 12500 12500 136557 40858.5 142458 28677.4 50577.4 0 0 0 125671 
1298 7452.81 2639.68 11063.9 4189.15 11961.4 5815.45 12500 12500 12500 137413 41163.8 143002 28890.9 51344.6 0 0 0 126038 
1300 7480.87 2661.6 11064.3 4228.16 11954.2 5793.37 12500 12500 12500 137878 41303.2 143292 29013.2 51809.2 0 0 0 126187 
1304 7502.28 2694.95 11063.3 4244.19 11926 5734.53 12500 12500 12500 138818 41624.5 144070 29248.2 52768.9 0 0 0 126587 
1306 7511 2705.19 11054.6 4244.21 11914.6 5731.74 12500 12500 12500 139313 41817.1 144474 29400.3 53169.4 0 0 0 126790 
1308 7517.13 2706.48 11055.1 4238.28 11896.5 5684.65 12500 12500 12500 139841 41984.5 144898 29560.3 53704.9 0 0 0 127001 
1313 7546.4 2788.67 11048.2 4316.95 11862.8 5628.24 12500 12500 12500 140924 42496.5 145650 29853.2 54868 0 0 0 127490 
1317 7540.78 2783.09 11041.7 4283.42 11835.9 5616.21 12500 12500 12500 141986 42842.4 146533 30142.4 55705.5 0 0 0 127965 
1320 7537.55 2806.55 11030.8 4281.39 11820 5580.43 12500 12500 12500 142695 43074.7 147123 30278.4 56406.3 0 0 0 128316 
1321 7533.88 2822.81 11029.5 4290.66 11814.8 5565.85 12500 12500 12500 142907 43152.1 147287 30315.8 56650.1 0 0 0 128441 
1323 7539.63 2853.43 11020.9 4324.36 11801.6 5533.12 12500 12500 12500 143328 43316.9 147579 30405.6 57152.2 0 0 0 128652 
1326 7502.14 2870.88 11006.4 4323.17 11780.8 5521.02 12500 12500 12500 144061 43588.8 148177 30567.1 57802 0 0 0 129109 
1329 7484.39 2847.52 10969.8 4320.56 11774.4 5485.85 12500 12500 12500 144940 43986.6 148786 30673.2 58516.5 0 0 0 129505 
1331 7467.03 2854.5 10975.4 4336.95 11772 5475.33 12500 12500 12500 145479 44182.7 149134 30746.9 58956.2 0 0 0 129784 
1334 7450.78 2899.76 10971.2 4356.02 11764.8 5447 12500 12500 12500 146179 44497.5 149672 30875.7 59652.3 0 0 0 130176 
1337 7439.02 2934.28 10970.6 4373.27 11743 5412.69 12500 12500 12500 146849 44745.6 150223 31074.9 60367.2 0 0 0 130549 
1342 7490.27 3001.2 10974.4 4402.53 11686.7 5390.49 12500 12500 12500 147921 45249.3 151093 31472.8 61460.4 0 0 0 130959 
1344 7494.65 2996.22 10978.6 4417.52 11669.9 5338.55 12500 12500 12500 148449 45397.6 151435 31609.7 62034.9 0 0 0 131174 
1345 7490.53 3001.5 10981.2 4430.26 11657.5 5322.27 12500 12500 12500 148693 45483 151588 31689.1 62292.7 0 0 0 131298 
1347 7516.28 3000 10984.8 4465.52 11643.2 5274.41 12500 12500 12500 149198 45664.6 151862 31824.5 62859.5 0 0 0 131443 
1349 7488.4 2994.59 10981.3 4450.83 11634.3 5248.69 12500 12500 12500 149722 45855.6 152289 31953.3 63358.7 0 0 0 131753 
1354 7508.47 3025.95 10979.9 4459.31 11603.7 5193.83 12500 12500 12500 150887 46286.7 153228 32272 64587.2 0 0 0 132261 
1356 7537.36 2993.5 10979 4464.57 11585.6 5133.72 12500 12500 12500 151483 46448.3 153592 32412.1 65197.4 0 0 0 132401 
1359 7531.33 2984.23 10972.7 4501.76 11573.1 5111.94 12500 12500 12500 152268 46705.7 154043 32579.7 65906.7 0 0 0 132758 
1361 7553.73 2992.58 10980.9 4527.53 11550.5 5066.51 12500 12500 12500 152741 46848.5 154336 32728.9 66475.7 0 0 0 132916 
1364 7549.27 3011.35 10976.3 4556.67 11537.5 5037.3 12500 12500 12500 153433 47078.8 154808 32890.9 67214.9 0 0 0 133264 
1366 7537.56 3023.62 10973.5 4565.98 11522 4991.76 12500 12500 12500 153895 47225 155156 33020.6 67788.3 0 0 0 133522 
1370 7516.36 3058.18 10977.6 4580.01 11505.5 4957.36 12500 12500 12500 154785 47502.2 155865 33258 68769.4 0 0 0 134029 
1372 7500.96 3037.04 10964.8 4577.46 11502.9 4924.45 12500 12500 12500 155342 47697.5 156246 33366.4 69306.4 0 0 0 134296 
1376 7468.42 3002.77 10951.5 4579.38 11470.2 4890.95 12500 12500 12500 156440 48072.1 156996 33685.6 70291.3 0 0 0 134840 
1380 7473.42 3015.38 10947.6 4612.31 11438.7 4851.84 12500 12500 12500 157408 48442.9 157662 33981.5 71283.8 0 0 0 135269 
1384 7454.33 3029.16 10938.4 4591.57 11390.3 4841.94 12500 12500 12500 158376 48816.8 158479 34325.3 72192.1 0 0 0 135768 
1388 7465.02 3083.62 10942.5 4613.24 11342.5 4834.61 12500 12500 12500 159208 49106.6 159166 34608.4 73091.4 0 0 0 136179 
1398 7472.53 3124.73 10948.4 4654.53 11202.4 4797.27 12500 12500 12500 161560 50017.3 160883 35498.8 75455.3 0 0 0 137274 
1403 7461.84 3122.62 10959 4653.19 11161 4770.09 12500 12500 12500 162820 50468.1 161795 35899.9 76662.7 0 0 0 137860 
1408 7452.2 3147.19 10973.6 4654.8 11137.4 4743.04 12500 12500 12500 164006 50894.4 162692 36241.1 77868.5 0 0 0 138446 
1412 7432.77 3170.18 10971.9 4674.32 11126.3 4782.62 12500 12500 12500 164942 51276.6 163344 36463.5 78641.3 0 0 0 138951 
1417 7411.85 3154.6 10967.3 4682.86 11073 4763.67 12500 12500 12500 166272 51773.1 164236 36848.2 79814.5 0 0 0 139575 
1426 7402.83 3166.08 10958.6 4640.14 10994.5 4744.93 12499.1 12500 12500 168541 52645.8 166001 37541.2 81904.8 3.00315 0 0 140613 
1430 7394.93 3165.03 10956.4 4604.76 10963.3 4751.76 12499.1 12500 12500 169532 53046.5 166819 37911.2 82790.6 3.11996 0 0 141084 
1437 7354.27 3183.79 10954.2 4536.17 10906.4 4779.11 12499.2 12500 12500 171187 53791.7 168281 38623.5 84302.8 14.8215 0 0 141980 
1454 7302.41 3160.48 10903 4342.71 10755.2 4775.73 12499.3 12500 12500 175412 55779.5 172055 40302.9 88144.8 44.3098 0 0 144053 
1465 7331.81 3197.13 10907.3 4285.14 10600.7 4822.93 12499.4 12500 12500 177909 57019.8 174270 41526.2 90498 60.453 0 0 145205 
1470 7353.32 3257.95 10910.9 4257.62 10539 4853.91 12499.4 12500 12500 178908 57507.3 175295 42102.9 91563.3 86.8209 0 0 145698 
1474 7348.37 3233.72 10898.6 4220.67 10482.2 4842.81 12499.4 12500 12500 179917 57855 176159 42535.3 92525.1 94.821 0 0 146156 
1489 7321.92 3253.75 10887.2 4068.78 10350.4 4831.67 12499.5 12500 12500 183363 59093.8 179506 44025 95971.7 116.972 0 0 147879 
1492 7322.55 3272.79 10869.3 4047.76 10324.7 4841.4 12499.5 12500 12500 184012 59410.8 180164 44371.2 96613.3 117.068 0 0 148207 
1502 7316.86 3324.22 10848.1 3980.82 10192 4868.25 12499.6 12500 12500 186310 60527.2 182361 45723.3 98748.7 132.658 0 0 149308 
1507 7310.19 3363.4 10860.7 3952.11 10136.6 4862.74 12499.6 12500 12500 187386 61028.9 183440 46339.1 99880.1 147.073 0 0 149862 
1514 7247.77 3364.13 10881.9 3893.19 10109.8 4834.94 12499.6 12500 12500 189089 61660.6 185019 47029.7 101515 167.631 0 0 150813 
1519 7209.43 3397.53 10886.3 3849.29 10068.1 4844.64 12499.6 12500 12500 190188 62107.7 186160 47634.7 102595 194.401 0 0 151482 
1526 7170.24 3448.98 10878.5 3813.86 10026.7 4884.39 12499.7 12500 12500 191752 62756.1 187689 48472 104022 236.569 0 0 152387 
1531 7175.79 3443.4 10879.3 3769.92 9969.22 4902.03 12499.7 12500 12500 192997 63239.2 188845 49141.3 105070 280.284 0 0 152931 
1542 7156.53 3456.2 10854.4 3669.25 9878.49 4971.52 12499.7 12500 12500 195663 64315.1 191417 50343.7 107206 390.44 0 0 154221 
1548 7153.27 3513.46 10849.9 3633.84 9814.96 5041.79 12499.7 12500 12500 196943 64882.8 192776 51067.2 108284 517.678 0 0 154905 
1552 7170.42 3512.29 10824.7 3549.03 9744.73 5043.01 12499.7 12500 12500 197911 65295.4 193871 51675.8 109138 574.72 0 0 155303 
1560 7152.25 3539.33 10818.1 3474.86 9652.99 5056.91 12499.8 12500 12500 199732 66041.5 195797 52739.3 110803 714.127 0 0 156258 
1563 7147.81 3529.03 10821.5 3432.99 9626.59 5054.16 12499.8 12500 12500 200473 66302.6 196562 53140.3 111445 766.304 0 0 156599 
1567 7143.45 3566.16 10821.6 3414.03 9599.67 5048.75 12499.8 12500 12500 201316 66676.4 197474 53724.3 112327 863.13 0 0 157055 
1571 7142.39 3578.19 10816 3398.22 9548.22 5036.72 12497.8 12500 12500 202228 67078.2 198377 54318.2 113205 952.592 0 0 157496 
1573 7137.39 3591.69 10822.7 3379.7 9535.75 5041.33 12496.8 12500 12500 202657 67240.6 198862 54569.1 113616 983.777 0 0 157732 
1580 7150.86 3666.45 10841.3 3325.8 9424.31 5058.99 12497.1 12500 12500 204023 67771.1 200550 55626.8 115015 1086.83 0 0 158456 
1600 7091.6 3752.37 10850.7 3161.73 9188.2 5131.7 12497.6 12500 12500 208295 69376.3 205445 58477.1 118969 1401.3 0 0 160840 
1606 7115.5 3803.19 10858.7 3128.85 9120.83 5163.65 12497.7 12500 12500 209485 69812.5 206861 59308.4 120117 1506.77 0 0 161447 
1612 7140.5 3807.8 10888.3 3129.28 9077.45 5176.78 12497.9 12500 12500 210821 70271.3 208178 60181.1 121391 1627.85 0 0 162045 
1617 7120.65 3770.2 10892.8 3096.24 9045.84 5208.51 12498 12500 12500 212083 70791.6 209395 60912.6 122340 1749.63 0 0 162665 
1627 7065.49 3733.72 10947.5 3038.56 9004.23 5274.23 12498.2 12500 12500 214456 71515.2 211777 62221.8 124185 1962.53 0 0 163943 
1652 6810.7 3656.69 11055.9 2770.18 8781.58 5465.15 12498.6 12500 12500 220614 73833.5 218097 66028.1 128558 2586.95 0 0 167544 
1665 6750.27 3724.26 11141.4 2665.37 8708.4 5569.32 12498.7 12500 12500 223564 74793.4 221333 68025.2 130675 2848.86 0 0 169253 
1677 6672.28 3712.41 11227 2619.15 8641.77 5656.84 12496.1 12500 12500 226489 75517.8 224200 70075.7 132664 3176.74 0 0 170919 
1685 6623.24 3755.83 11273 2594.03 8584.2 5740.98 12494.4 12500 12500 228242 75962.6 226117 71353 133883 3361.19 0 0 172043 
1708 6338.53 3782.92 11372.2 2396.47 8504.14 5927.73 12486.5 12500 12500 233486 77404.9 232037 74642.1 137519 3814.3 0 0 175833 
1721 6271.34 3773.61 11415.9 2337.1 8388.88 5983.65 12487.1 12500 12500 236518 78255.8 235278 76869 139771 4194.74 0 0 177748 
1726 6252.7 3794.32 11449.5 2350.12 8387.36 5985.01 12485.8 12500 12500 237575 78434.1 236427 77541.4 140641 4331.41 0 0 178466 
1733 6190.37 3773.69 11476.4 2353.18 8380.46 5988.44 12467.3 12500 12500 239187 78806.3 238088 78532.2 141833 4601.52 0 0 179595 
1736 6151.84 3775.82 11498.9 2349.77 8369.54 5977.24 12452.3 12500 12500 239849 79058.3 238804 78932.7 142379 4729.62 0 0 180120 
1749 5994.94 3696.02 11554.7 2323.23 8383.01 6040.84 12419.8 12500 12500 243010 79784.7 241942 80675.3 144389 5152.55 0 0 182367 
1755 5958.9 3682.64 11572 2320.76 8391.62 6030.91 12402.1 12500 12500 244336 80104.9 243350 81560.8 145504 5344.2 0 0 183304 
1759 5906.09 3671.33 11590.8 2305.37 8362.75 6042.29 12396 12500 12500 245219 80228.5 244331 82247.5 146208 5448.68 0 0 184022 
1764 5874.07 3705 11609.9 2315.12 8380.89 6091.13 12360.1 12500 12500 246242 80406.3 245479 82867.6 146968 5665.88 0 0 184828 
1776 5655.59 3728.78 11662.7 2314.34 8310.92 6224.84 12216.2 12500 12500 248925 80844.7 248291 84787.7 148545 6327.13 0 0 187233 
1782 5605.29 3783.99 11693.3 2367.11 8312.46 6265.17 12161.8 12500 12500 250120 81027.2 249534 85618.8 149409 6594.32 0 0 188274 
1789 5493.02 3797.25 11731.5 2449.71 8313.03 6370.43 12039.4 12500 12500 251722 81249 250909 86588.9 150208 7095.98 0 0 189676 
1795 5411.87 3808.39 11752.1 2491.74 8328.51 6441.4 11961.4 12500 12500 253078 81478.3 252156 87296.4 150926 7490.45 0 0 190849 
1804 5331.42 3818.55 11797.6 2465.21 8354.84 6471.38 11895.1 12500 12500 255066 81814.1 254291 88428.9 152208 8039.9 0 0 192498 
1812 5230.98 3873.64 11813.3 2491.35 8371.72 6503.77 11832.2 12500 12500 256699 82205.8 256034 89422.7 153327 8572.79 0 0 194078 
1817 5153.68 3881.97 11829.1 2537.53 8386.06 6553.42 11763.4 12500 12500 257819 82446.4 257032 90016.1 153939 8937.05 0 0 195117 
1824 5047.55 3950.29 11861.1 2566.86 8385.87 6617.64 11650.3 12500 12500 259238 82727.2 258512 90932.2 154801 9535.95 0 0 196584 
1829 4981.39 3986.64 11883.5 2551.04 8333.23 6684.5 11572.1 12500 12500 260263 82927.3 259674 91744.9 155342 9953.21 0 0 197614 
1834 4948.21 4052.92 11904 2569.12 8320.98 6727 11538.1 12500 12500 261182 83177.6 260723 92433.5 155946 10302.7 0 0 198545 
1840 4866.09 4063.9 11926.2 2581.71 8298.52 6790.11 11460.3 12500 12500 262496 83431.8 262018 93243.4 156632 10813.7 0 0 199801 
1843 4823.54 4085.22 11941.3 2571.31 8303.06 6810.05 11430.1 12500 12500 263107 83515.4 262706 93577.1 157003 11046.1 0 0 200439 
1849 4784.06 4120.71 11965.2 2560.9 8292.67 6871.16 11387.5 12500 12500 264317 83707.9 264067 94331.8 157687 11471.3 0 0 201591 
1853 4755.81 4163.8 11982.4 2574.72 8283.41 6888.91 11341.4 12500 12500 265056 83852.9 264908 94875 158214 11824.6 0 0 202370 
1864 4547.46 4178.45 12030.8 2552.85 8290.5 7024.39 11167.7 12500 12500 267329 84047 267383 96206.8 159355 12912.1 0 0 204936 
1870 4483.82 4252.72 12054.3 2566.81 8277.29 7152.35 11073.6 12500 12500 268335 84170.7 268643 96977.2 159783 13522.7 0 0 206197 
1876 4452.66 4272.38 12075.5 2568.68 8285.04 7188.41 11010.1 12500 12500 269519 84453 269930 97728.2 160486 14112.9 0 0 207377 
1883 4396.78 4298.69 12102.5 2566.19 8255.08 7266.3 10952.7 12500 12500 270851 84581.5 271447 98668.6 161197 14714.8 0 0 208821 
1889 4348.62 4318.23 12124.7 2586.31 8276.19 7342.79 10838.9 12500 12500 271975 84961.4 272687 99616.3 161776 15413.2 0 0 210074 
1890 4338.32 4324.58 12125.5 2605.08 8294.12 7338.81 10819.5 12500 12500 272154 84991.8 272846 99681.1 161914 15528.3 0 0 210286 
1898 4214.12 4309.11 12146.8 2605.58 8328.81 7446.72 10694.7 12500 12500 273848 85270.8 274574 100647 162621 16405.8 0 0 212142 
1901 4234.26 4368.66 12153.3 2661.77 8357.06 7490.61 10637.6 12500 12500 274277 85368.3 275056 100955 162865 16767.8 0 0 212650 
1903 4207.32 4360.69 12160.2 2664.73 8362.37 7522.11 10603.3 12500 12500 274700 85500.3 275479 101264 163015 16999.3 0 0 213105 
1906 4170.98 4381.35 12168.3 2703.44 8391.44 7565.73 10539.3 12500 12500 275251 85612.8 276003 101551 163241 17406.1 0 0 213779 
1911 4145.57 4420.41 12180.7 2743.14 8424.78 7660.54 10436.5 12500 12500 276137 85776.3 276948 102126 163535 18057.3 0 0 214803 
1915 4159.24 4485.3 12190.3 2768.39 8422.41 7746.82 10369.2 12500 12500 276746 85884.2 277724 102558 163726 18515.5 0 0 215525 
1923 4106.31 4545.67 12204.5 2770.81 8425.86 7896.01 10219.8 12500 12500 278180 86232.9 279406 103510 164199 19582.6 0 0 217198 
1933 4107.97 4646.88 12220.3 2775.09 8402.99 8106.09 10046 12500 12500 279836 86349.1 281480 104694 164637 20864.4 0 0 219080 
1940 4059.54 4687.44 12226.8 2755.64 8409.3 8228.79 9904.34 12500 12500 281056 86417.1 283001 105491 164994 21863.1 0 0 220552 
1946 4041.89 4693.22 12231 2778.17 8445.41 8336.08 9800.83 12500 12500 282147 86496.8 284181 106074 165250 22693.2 0 0 221747 
1950 3996.82 4709.3 12238.7 2796.55 8467.45 8372.84 9756.09 12500 12500 282820 86511.8 284960 106492 165541 23181.7 0 0 222649 
1954 3974.67 4730.03 12238.2 2812.91 8499.34 8425.57 9686.33 12500 12500 283448 86556.8 285740 106830 165752 23742 0 0 223487 
1958 3947.51 4740.94 12242.6 2852.71 8546.93 8481.12 9591.95 12500 12500 284113 86596.1 286449 107194 165950 24393.3 0 0 224342 
1961 3959.31 4787.61 12243.3 2887.73 8561.54 8535.88 9514.4 12500 12500 284533 86635.8 286968 107535 166053 24897.9 0 0 224891 
1964 3924.81 4782.42 12248 2907.64 8603.21 8573.67 9455.95 12500 12500 285111 86669.1 287529 107725 166199 25362.5 0 0 225578 
1968 3903.76 4822.01 12250 2920.19 8636.31 8613.83 9348.48 12500 12500 285741 86743.5 288314 108052 166419 26078 0 0 226415 
1970 3874.04 4826.87 12251.1 2932.97 8657 8649.57 9311.45 12500 12500 286101 86773.3 288687 108202 166485 26391.5 0 0 226893 
1971 3866.18 4836.46 12253.6 2949.59 8669.43 8659.46 9294.57 12500 12500 286264 86801.2 288843 108278 166544 26546.4 0 0 227114 
1974 3859.48 4850.23 12254.9 2953.15 8691.39 8674.49 9236.44 12500 12500 286889 86915.8 289444 108568 166757 27226.7 0 0 227721 
1977 3834.01 4861.01 12253.3 2972.77 8722.92 8701.05 9181.21 12500 12500 287466 87044.1 289995 108849 166935 27709.1 0 0 228382 
1981 3820.35 4884.05 12258.1 3020.72 8765.48 8748.45 9109.01 12500 12500 288076 87078.7 290665 109115 167137 28342.5 0 0 229207 
1985 3816.66 4951.79 12262.6 3039.9 8794.46 8801.62 9006.87 12500 12500 288574 87136.3 291416 109449 167311 29073.3 0 0 230006 
1990 3799.44 5004.68 12263.5 3058.44 8840.23 8852.9 8915.31 12500 12500 289317 87240 292368 109834 167568 29905.2 0 0 231045 
1993 3768.51 5022.41 12264.6 3057.42 8872.99 8877.27 8847.6 12500 12500 289805 87307.9 292976 110033 167735 30451.9 0 0 231731 
1998 3749.19 5079.51 12263.4 3097.69 8923.76 8915.76 8717.64 12500 12500 290596 87422.6 293850 110371 168006 31437.3 0 0 232784 
2000 3707.27 5072.31 12257.2 3097.5 8937.28 8933.52 8677.59 12500 12500 291048 87495.1 294251 110543 168105 31803.2 0 0 233312 
2002 3686.28 5078.39 12254.1 3102.44 8963.47 8957.18 8611.11 12500 12500 291451 87540.7 294637 110681 168188 32245.3 0 0 233777 
2005 3714.58 5134.93 12256.4 3157.22 9005.26 9013.08 8543.42 12500 12500 291909 87591.7 295070 110896 168245 32809.7 0 0 234295 
2009 3688.27 5159.23 12257.2 3165.97 9042.18 9046.74 8475.1 12500 12500 292527 87628.5 295835 111179 168466 33522.8 0 0 235180 
2011 3683.46 5188.07 12256.1 3193.4 9040.29 9078.14 8445.62 12499 12500 292780 87664.5 296142 111406 168523 33876.2 3 0 235594 
2018 3676.05 5283.94 12253.3 3227.26 9053.03 9127.23 8332.84 12499.1 12500 293683 87716.8 297411 112124 168897 35156.7 3 0 237027 
2024 3688.9 5358.85 12248.3 3256.03 9087.07 9197.38 8258.18 12498.2 12500 294380 87769.7 298489 112609 169142 36221.5 6 0 238193 
2027 3700.02 5401.34 12242.8 3277.21 9088.49 9198.08 8228.81 12498.2 12500 294713 87801.3 299013 112871 169347 36739.8 6.00001 0 238763 
2033 3633.74 5468.92 12229.8 3263.38 9109.24 9227.62 8119.88 12498.3 12500 295479 87931.7 300228 113400 169658 37939.5 6 0 240168 
2041 3662.81 5532.79 12206.6 3262.39 9158.61 9284.6 7952.15 12498.5 12500 296586 88192.9 301803 113990 170007 39666.5 5.99989 0 241703 
2044 3677.04 5550.99 12200.7 3233.26 9165.9 9307.35 7893.49 12498.5 12500 297017 88369.7 302479 114263 170136 40391.5 5.99978 0 242268 
2046 3720.55 5595.48 12191 3251.6 9191.81 9331.46 7868.56 12498.5 12500 297191 88429.6 302819 114355 170191 40751.2 5.99966 0 242541 
2050 3740.68 5630.4 12179.7 3231.18 9195.32 9374.91 7804.94 12498.6 12500 297704 88511.7 303676 114688 170315 41511.1 6.00174 0 243287 
2057 3731.71 5702.82 12171.7 3260.94 9263.24 9442.82 7638.76 12498.7 12500 298580 88586.8 304961 115079 170522 43007 6.07516 0 244722 
2059 3749.58 5736.8 12173.2 3284.78 9286.81 9450.89 7601.77 12498.7 12500 298779 88599.9 305275 115160 170617 43412.2 6.21347 0 245069 
2062 3784.29 5765.52 12167.1 3313.85 9317.85 9467.39 7534.89 12498.8 12500 299137 88651.9 305770 115327 170753 44052.2 11.0543 0 245565 
2064 3784.95 5773.78 12161.7 3347.46 9346.11 9475.35 7503.22 12498.8 12500 299424 88759.8 306056 115431 170842 44449.4 19.7704 0 245962 
2067 3766.8 5798.51 12161.9 3360.29 9381.95 9495.55 7432.75 12498.8 12500 299773 88768.2 306584 115521 170959 45112.1 33.2379 0 246611 
2071 3783.75 5849.26 12162.4 3424.6 9445.15 9533.3 7388.25 12498.9 12500 300214 88782.3 307153 115615 171079 45856.5 39.235 0 247356 
2074 3787 5893.86 12160.6 3432.66 9459.82 9564.85 7328.19 12498.9 12500 300541 88811.3 307693 115795 171161 46503.1 39.3852 0 247942 
2077 3757.23 5923.77 12157.7 3468.12 9494.31 9593.2 7275.23 12498.9 12500 300912 88842.4 308148 115892 171243 47141.7 39.7736 0 248628 
2082 3725.06 5982.86 12152.9 3499.79 9538.59 9648.97 7201.35 12499 12500 301464 88913.4 308990 116153 171335 48178 51.5591 0 249719 
2086 3721.29 6026.22 12144 3549.98 9589.08 9674.6 7168.63 12499 12500 301996 88985.2 309582 116307 171456 48931.3 51.5673 0 250526 
2087 3708.43 6021.99 12137.5 3558.82 9595.19 9683.8 7133.64 12499 12500 302165 89024.5 309744 116363 171479 49203.9 54.4125 0 250764 
2092 3706.53 6022.41 12108.5 3571.58 9629.95 9688.29 7082.17 12499.1 12500 302935 89194.2 310647 116625 171703 50184.6 54.4307 0 251766 
2097 3671.99 6015.32 12066.8 3609.19 9655.74 9721.27 7031.95 12499.1 12500 303720 89421.9 311480 116925 171840 51177.1 54.5954 0 252871 
2099 3682.06 6037.06 12053.9 3632.18 9675.86 9724.42 7000.04 12499.1 12500 303944 89508.9 311784 117023 171923 51605.8 54.8422 0 253238 
2103 3621.58 6020.83 12029.8 3633.61 9687.77 9751.67 6925.85 12499.2 12500 304593 89709.6 312533 117293 172028 52503.9 58.9448 0 254220 
2105 3630.2 6041.86 12018.4 3666.03 9715.03 9766.55 6898.24 12499.2 12500 304825 89814.8 312818 117388 172070 52923 64.2385 0 254599 
2107 3599.9 6048.2 12022.6 3685.54 9724.07 9782.17 6855.62 12499.2 12500 305109 89865.1 313132 117512 172113 53389.2 67.7722 0 255097 
2112 3593.97 6076.53 11992.8 3714.75 9797.45 9808.11 6757.59 12499.2 12500 305758 90101.3 313958 117685 172249 54533.1 78.7818 0 256122 
2116 3616.39 6107.42 11979.3 3750.47 9844.03 9834.48 6689.03 12499.3 12500 306223 90242.1 314583 117887 172342 55422.7 87.1417 0 256863 
2117 3611.86 6113.56 11978.1 3772.18 9860.59 9836.13 6660.33 12499.3 12500 306356 90267.4 314701 117921 172376 55677.4 87.2983 0 257079 
2121 3611.73 6158.95 11964.5 3788.75 9902.7 9860.08 6595.26 12499.3 12500 306807 90411.1 315371 118097 172464 56574 94.9543 0 257883 
2126 3605.82 6157.78 11942.7 3810.77 9956.19 9873.16 6517.56 12499.3 12500 307537 90674.7 316188 118269 172626 57686.9 106.285 0 258914 
2131 3632.44 6187.52 11928.7 3866.31 9989.54 9895.68 6501.4 12499.4 12500 308213 90937.7 316887 118490 172754 58608.5 124.055 0 259844 
2132 3651.04 6197.56 11917.4 3869.08 9994.65 9901.59 6482.6 12499.4 12500 308329 91005.4 317046 118524 172775 58844.2 128.064 0 259989 
2137 3618.83 6187.59 11906.7 3927.09 10053.7 9903.24 6465.36 12499.4 12500 309140 91254.7 317725 118607 172968 59788.5 152.199 0 261087 
2139 3628.83 6190.73 11892.7 3942.43 10072.5 9902.26 6450.23 12499.4 12500 309433 91350.2 318024 118684 173047 60193.3 159.706 0 261459 
2142 3643.44 6200.87 11880 3972.77 10102.9 9880.68 6429.14 12499.4 12500 309823 91483.8 318447 118766 173230 60826.8 169.517 0 262018 
2147 3689.35 6255.69 11849.6 4007.5 10157.7 9892.38 6388.29 12499.5 12500 310397 91671.1 319179 118904 173381 61863.4 202.999 0 262866 
2150 3720.89 6269.95 11835.2 4034.09 10194.5 9883.51 6369.47 12499.5 12500 310793 91798 319600 118974 173522 62492.7 219.639 0 263362 
2155 3733.95 6293.1 11829.5 4055.87 10236.7 9853.41 6333.45 12499.5 12500 311445 91898.5 320364 119136 173789 63544.7 250.346 0 264307 
2161 3700.62 6285.71 11813.1 4110.03 10299.8 9829.87 6285.2 12499.5 12500 312368 92099.6 321178 119313 174074 64820.4 280.134 0 265579 
2165 3722.86 6321.23 11806.7 4177.89 10339.1 9829.73 6247.23 12499.6 12500 312821 92189 321628 119397 174229 65672.5 289.122 0 266293 
2168 3732.62 6323.86 11802.6 4231.62 10370.7 9791.01 6244.21 12499.6 12500 313211 92273.5 321957 119430 174463 66245.2 295.682 0 266851 
2173 3744.44 6322.59 11784.9 4266.61 10429 9766.21 6182.8 12499.6 12500 313915 92442.1 322653 119454 174739 67375.3 312.333 0 267790 
2176 3720.03 6336.81 11779.5 4303.68 10461.8 9757.19 6123.43 12499.6 12500 314295 92527.6 323025 119481 174886 68122.2 322.738 0 268450 
2181 3756.2 6379.03 11762.8 4370.78 10500.9 9745.77 6102.24 12499.6 12500 314881 92692.5 323629 119600 175113 69141 351.165 0 269323 
2182 3746.62 6368.43 11757.2 4373.4 10514.9 9731.75 6073.51 12499.6 12500 315057 92738.4 323779 119608 175192 69415.2 361.439 0 269548 
2186 3759.11 6379.34 11746 4424.09 10544 9726.77 6044.52 12499.6 12500 315576 92855 324260 119696 175367 70253.7 402.325 0 270294 
2190 3730.25 6373.83 11730.4 4482.2 10588.6 9728.88 6011.91 12499.7 12500 316133 92988.3 324716 119730 175521 71090.8 456.884 0 271166 
2192 3732.66 6400.75 11728.8 4524.3 10596.8 9725.51 5987.74 12499.7 12500 316317 93040 324900 119787 175614 71538.1 486.862 0 271551 
2195 3735.74 6400.19 11717 4549.52 10631.6 9700.71 5965.68 12499.7 12500 316710 93118.5 325284 119818 175810 72189 543.069 0 272133 
2196 3740.75 6390.16 11707.8 4551.12 10646.2 9697.28 5957.33 12499.7 12500 316868 93166.2 325429 119847 175855 72410 583.359 0 272316 
2198 3733.16 6399.28 11707.7 4587.78 10669.2 9684.9 5946.36 12499.7 12500 317092 93202.4 325628 119848 175969 72828.4 602.398 0 272731 
2201 3730.21 6385.72 11708.4 4613.86 10700.7 9636.42 5926.54 12499.7 12500 317541 93275.1 326006 119852 176230 73460.4 639.023 0 273331 
2204 3736.07 6360.42 11691.3 4660.57 10733.5 9610.94 5892.02 12499.7 12500 317994 93402.6 326322 119859 176441 74137.5 667.633 0 273900 
2205 3732.27 6344.1 11686.4 4667.54 10744.9 9580.01 5880.88 12499.7 12500 318166 93434.8 326452 119867 176583 74360.5 679.576 0 274107 
2208 3761.99 6372.96 11682.8 4700.52 10758.9 9572.47 5863.5 12499.7 12500 318479 93545.2 326812 119954 176756 75006.7 697.248 0 274609 
2211 3782.36 6355.44 11658.5 4697.04 10776.9 9524.66 5843.49 12499.7 12500 318923 93716.6 327274 120021 177038 75649 713.953 0 275132 
2213 3773.77 6370.09 11646.4 4704.66 10800.3 9537.04 5826.29 12499.7 12500 319149 93812 327552 120038 177088 76122.9 727.087 0 275548 
2215 3831.35 6399.5 11623.8 4740.35 10826.1 9531.37 5842 12499.7 12500 319368 93982.6 327793 120088 177188 76466.2 738.781 0 275768 
2218 3834.58 6374.23 11601.5 4728.65 10859 9507.37 5826.05 12499.7 12500 319849 94137.1 328290 120125 177390 77087.8 761.801 0 276342 
2221 3853.41 6380.7 11592.5 4718.33 10893.9 9471.13 5775.11 12499.7 12500 320231 94272.8 328772 120171 177631 77841.7 786.667 0 276866 
2224 3884.05 6365.19 11562.6 4699.93 10923.8 9473.25 5753.12 12499.8 12500 320669 94476.2 329289 120251 177763 78522.1 822.701 0 277351 
2227 3913.87 6393.94 11558.4 4731.62 10942.7 9462.79 5716.17 12499.8 12500 320994 94617.9 329661 120341 177938 79256.3 864.392 0 277832 
2229 3960.57 6424 11557.3 4760.35 10955.8 9464.48 5720.64 12499.8 12500 321177 94694.7 329874 120382 178027 79662.9 894.769 0 278074 
2232 3986.87 6416.42 11547.7 4760.74 10979.9 9460.6 5708.46 12499.8 12500 321557 94813 330314 120425 178179 80312.4 932.262 0 278561 
2234 3983.54 6429.32 11535.7 4783.33 11000.2 9440.96 5679.83 12499.8 12500 321755 94911.3 330547 120451 178334 80808.6 948.56 0 278947 
2236 4017.56 6435.1 11531.1 4792.09 11016.1 9428.33 5690.28 12499.8 12500 321988 94990.6 330815 120471 178464 81200.1 967.435 0 279222 
2238 4014.27 6433.37 11514.5 4777.91 11036.7 9414.52 5650.52 12499.8 12500 322244 95101.5 331155 120478 178596 81743.8 988.916 0 279608 
2240 4002.69 6427.75 11515.2 4788.43 11057.9 9401.1 5625.2 12499.8 12500 322517 95156.5 331420 120499 178731 82274.6 1017.47 0 280016 
2244 4034.12 6443.82 11490 4814.92 11099.9 9378.72 5628.3 12499.8 12500 322972 95327.3 331945 120495 178986 83147.3 1073.58 0 280667 
2249 4053.63 6482.87 11457.1 4831.37 11121.4 9354.67 5565.71 12499.8 12500 323498 95545 332666 120623 179292 84441.3 1173.62 0 281532 
2251 4054.78 6484.69 11440.7 4819.78 11130.9 9357.47 5556.23 12499.8 12500 323748 95702 333054 120718 179381 84901.6 1204.74 0 281900 
2256 4068.36 6509.84 11413.5 4832.4 11174.6 9366.92 5510.33 12499.8 12500 324359 96014.6 333805 120775 179590 86102.1 1283.12 0 282777 
2259 4094.88 6504.28 11394.4 4837.75 11200 9336.45 5495.69 12499.8 12500 324772 96174 334238 120834 179820 86833.9 1321.6 0 283246 
2262 4106.41 6527.91 11369.1 4834.74 11228.7 9325.08 5463.51 12499.8 12500 325085 96352.8 334688 120797 179990 87548.4 1356.53 0 283753 
2265 4130.57 6530.75 11359.7 4838.63 11251.6 9309.09 5437.47 12499.8 12500 325463 96497.5 335127 120793 180176 88245.8 1400.79 0 284219 
2268 4125.32 6538.45 11348.6 4850.54 11276.8 9295.58 5409.95 12499.8 12500 325802 96626.8 335541 120783 180360 88944.9 1437.2 0 284775 
2271 4153.86 6539.12 11336.7 4838.88 11289.4 9285.75 5367.66 12499.8 12500 326169 96772.5 336030 120831 180543 89672.3 1487.82 0 285228 
2274 4198.4 6557.02 11330 4844.62 11309.5 9283.17 5351.9 12499.9 12500 326505 96899.7 336462 120844 180703 90314.1 1537.61 0 285629 
2277 4243.59 6557.26 11327.5 4860.77 11331.1 9271.67 5349.45 12499.9 12500 326880 97004.8 336859 120848 180892 90913.9 1577.48 0 286027 
2280 4251.32 6559.71 11306.4 4845.21 11358.8 9268.91 5307.97 12499.9 12500 327244 97164.7 337356 120837 181054 91621 1610.24 0 286531 
2282 4241.57 6547.33 11304 4874.29 11378.5 9240.26 5315.29 12499.9 12500 327539 97242.6 337577 120824 181246 91999.1 1625.26 0 286909 
2286 4311.73 6555.77 11294.7 4844.7 11412.8 9219.25 5296.69 12499.9 12500 328011 97422.2 338280 120807 181519 92852.7 1668.93 0 287401 
2290 4312 6533.1 11283.4 4837.34 11447.8 9205.71 5245.28 12499.9 12500 328578 97612.7 338900 120797 181775 93803.5 1715.42 0 288083 
2294 4328.46 6530.03 11275.9 4852.09 11476.5 9183.71 5236.61 12499.9 12500 329082 97798.5 339473 120768 182057 94650.7 1756.85 0 288721 
2300 4365.15 6531.85 11238.8 4817.41 11513 9168.2 5195.21 12499.9 12500 329809 98131.9 340511 120764 182436 95984.1 1825.68 0 289640 
2304 4441.05 6545.84 11229.4 4821.04 11543.9 9150.22 5186.83 12499.9 12500 330232 98315.1 341118 120753 182712 96853.4 1866.15 0 290094 
2308 4471.56 6524.84 11186.6 4778.61 11569.8 9119.95 5176.64 12499.9 12500 330788 98587.2 341857 120750 183025 97702.8 1926.69 0 290676 
2311 4518.12 6535.77 11180.1 4772.75 11585.6 9066.89 5165.19 12499.9 12500 331118 98735.8 342321 120765 183348 98378 1959.47 0 291037 
2315 4543.65 6558.06 11173.5 4780.55 11607.9 9049.04 5170.72 12499.9 12500 331544 98934.7 342896 120801 183621 99216.1 2000.92 0 291625 
2317 4575.46 6563.49 11150.5 4787.14 11623.6 9055.79 5168.32 12499.9 12500 331759 99085.4 343181 120794 183713 99646.4 2020.51 0 291861 
2321 4582.7 6555.83 11118.6 4754.43 11654.2 9056.1 5131.28 12499.9 12500 332282 99351.5 343893 120791 183942 100572 2056.9 0 292495 
2326 4652.27 6605.99 11114.1 4747.05 11680.9 9065.09 5090.6 12499.9 12500 332732 99574.8 344688 120800 184204 101694 2100.5 0 293110 
2331 4694.85 6578.66 11061.5 4698.77 11714.3 9038.55 5072.94 12499.9 12500 333409 99963.2 345601 120840 184560 102786 2139.77 0 293788 
2336 4776.48 6645.75 11043.4 4696.98 11747.9 9013.79 5050.16 12499.9 12500 333863 100271 346385 120952 184912 103925 2261.95 0 294344 
2343 4802.83 6653.2 10987.8 4638.29 11776.8 8983.68 4996.96 12499.9 12500 334694 100759 347642 121104 185392 105563 2385.6 0 295368 
2346 4854.92 6683.05 10986.7 4623.66 11794.3 8965.81 4999.05 12499.9 12500 334955 100907 348156 121160 185619 106196 2431.84 0 295676 
2348 4847.48 6705.97 10976.6 4608.34 11805.4 8975.56 4976.81 12499.9 12500 335124 101013 348512 121209 185705 106696 2463.61 0 296008 
2352 4853.59 6712.39 10968.5 4602.18 11817 8971.11 4926.89 12499.9 12500 335592 101201 349155 121290 185945 107687 2533.16 0 296601 
2357 4929.05 6746.8 10949.5 4621.36 11835.8 8971.95 4930.46 12499.9 12500 336089 101488 349879 121281 186231 108693 2587.64 0 297143 
2360 4936.34 6765.55 10941.1 4643.94 11853.6 8964.32 4928.68 12499.9 12500 336375 101648 350276 121272 186423 109318 2614.86 0 297577 
2364 4961.05 6787.99 10923 4659.31 11875.1 8951.78 4898.79 12499.9 12500 336769 101852 350854 121304 186686 110277 2662.46 0 298108 
2367 4989.69 6797.82 10903.7 4634.22 11891.7 8934.89 4873.57 12499.9 12500 337124 102079 351398 121309 186907 111011 2716.21 0 298470 
2369 5033.07 6842.82 10906.7 4627.79 11902.8 8975.86 4859.38 12499.9 12500 337220 102143 351731 121346 186898 111452 2805.54 0 298640 
2376 5102.19 6891.33 10902.2 4608.56 11929.7 8979.77 4811.95 12499.9 12500 337842 102414 352907 121408 187281 113019 2930.33 0 299463 
2379 5121.96 6926.13 10893.2 4595.98 11939.7 8996.12 4774.57 12499.9 12500 338059 102556 353420 121431 187399 113741 2989.57 0 299844 
2381 5153.56 6938.91 10885.3 4569.74 11946.9 9002.58 4770.72 12499.9 12500 338242 102658 353817 121429 187490 114162 3008.48 0 300041 
2385 5182.41 7000.96 10887.7 4555.48 11958.8 9019.81 4745.88 12500 12500 338471 102803 354494 121447 187661 115055 3064.05 0 300530 
2388 5244.81 7030.9 10886.2 4569.46 11963.1 9033.11 4746.96 12500 12500 338700 102910 354926 121475 187783 115663 3101.99 0 300773 
2390 5260.96 7050.81 10883.4 4541.58 11956.9 9023.51 4731.53 12500 12500 338854 102993 355324 121526 187920 116121 3131.87 0 301011 
2399 5342.62 7100.71 10904.7 4539.56 11981.7 9032.79 4739.06 12500 12500 339630 103268 356731 121626 188386 117945 3189.21 0 302025 
2404 5408.09 7128.82 10903.4 4536.82 11989.3 9019.84 4740 12500 12500 340065 103461 357519 121707 188706 119006 3224.04 0 302518 
2406 5442.21 7146.55 10897 4541.52 11996.5 9026.08 4743.57 12500 12500 340207 103557 357823 121723 188798 119403 3242.88 0 302687 
2410 5490.24 7156.02 10896.3 4544.47 12000.6 9010.76 4753.91 12500 12500 340566 103712 358483 121806 189063 120180 3285.79 0 303081 
2414 5525.49 7200.49 10890.5 4558.13 12011.5 9024.49 4746.11 12500 12500 340807 103875 359103 121901 189240 121062 3333.74 0 303514 
2420 5588.96 7225.66 10894.6 4547.67 12026.5 9002.71 4710.95 12500 12500 341317 104108 360124 122032 189633 122455 3410.9 0 304105 
2423 5611.03 7235.41 10869.5 4522.56 12032.7 8997.34 4704.92 12500 12500 341587 104300 360700 122107 189812 123117 3463.53 0 304427 
2430 5710.9 7188.81 10691.1 4442.18 12058.6 8808.82 4808.43 12500 12500 342459 105304 362299 122400 190773 124438 3541.71 0 305025 
2438 5801.92 7175.18 10641.3 4388.39 12082 8736.33 4836.34 12500 12500 343324 105896 363883 122653 191474 126116 3644.61 0 305750 
2440 5832.63 7201.67 10637.8 4356.86 12090.3 8744.63 4807.26 12500 12500 343455 106025 364308 122707 191569 126658 3664.36 0 305903 
2453 6016.98 7267.52 10646.5 4185.37 12122.7 8770.38 4656.83 12500 12500 344536 106797 367001 122922 192255 130067 3827.62 0 306907 
2458 6055.5 7295.72 10637.4 4124.33 12122.7 8768.47 4585.01 12500 12500 344929 107202 368042 122960 192547 131467 3914.83 0 307363 
2463 6170.96 7349.38 10644.3 4082.92 12129.3 8792.43 4582.07 12500 12500 345254 107451 369046 123022 192769 132552 4015.81 0 307580 
2466 6187.28 7378.14 10642.2 4052.18 12132.4 8801.45 4567.5 12500 12500 345453 107591 369668 123081 192911 133240 4072.4 0 307859 
2472 6218.19 7418.02 10630.4 4004.41 12146.1 8816.18 4524.99 12500 12500 345903 107877 370896 123145 193210 134624 4157.67 0 308419 
2478 6324.6 7434.6 10589.3 3983.82 12156.2 8782.55 4546.42 12500 12500 346431 108329 372103 123266 193663 135878 4251.63 0 308743 
2486 6474.77 7441.09 10505 3957.63 12171.1 8748.86 4592.04 12500 12500 347130 108902 373615 123340 194250 137389 4365.99 0 309133 
2493 6602.46 7483.99 10486.4 3934.73 12180.7 8716.3 4588.14 12500 12500 347624 109271 374923 123418 194786 138838 4483.72 0 309460 
2504 6805.1 7529.76 10435.6 3897.84 12192.7 8641.86 4604.5 12500 12500 348443 109969 377048 123622 195711 141138 4665.88 0 309919 
2512 6957.44 7536.3 10395.2 3799.87 12211.5 8595.61 4611.34 12500 12500 349092 110507 378814 123694 196384 142796 4755.03 0 310195 
2517 7029.92 7582.07 10404.5 3774.41 12214.1 8615.99 4581.43 12500 12500 349380 110714 379795 123740 196655 143910 4859.96 0 310418 
2523 7108.34 7607.13 10426.7 3719.9 12223.9 8586.72 4487.84 12500 12500 349811 110941 381046 123750 197144 145432 4963.26 0 310692 
2528 7199.97 7642.96 10414.1 3675.05 12227.8 8601.64 4489.41 12500 12500 350119 111236 382094 123799 197436 146490 5036.82 0 310835 
2535 7286.84 7652.66 10396 3604.37 12239.3 8615.13 4430.58 12500 12500 350671 111621 383609 123870 197859 148099 5160 0 311148 
2538 7339.4 7674.48 10391.5 3604.16 12244.1 8625.46 4418.03 12500 12500 350845 111772 384172 123881 198026 148750 5202.05 0 311225 
2548 7528.6 7648.97 10320.5 3515.28 12258.9 8571.86 4469.26 12500 12500 351793 112516 386335 124029 198858 150712 5300.82 0 311434 
2555 7551.23 7613.7 10320.3 3456.13 12269.5 8512.26 4437.39 12500 12500 352605 112978 387882 124127 199522 152394 5358.68 0 311882 
2561 7601.08 7613.29 10341 3385.36 12281.1 8486.09 4422.17 12500 12500 353106 113337 389247 124252 200013 153729 5410.66 0 312150 
2571 7691.57 7626.73 10378.7 3301.17 12297.2 8426.04 4367.85 12500 12500 353900 113829 391405 124411 200891 156048 5535.57 0 312543 
2578 7759.78 7558.2 10348.1 3226.57 12305.1 8384.45 4370.13 12500 12500 354657 114267 392963 124461 201499 157468 5644.72 0 312795 
2586 7796.75 7547.01 10342.2 3230.58 12313.3 8338.49 4370.21 12500 12500 355373 114751 394506 124582 202202 159107 5814.18 0 313207 
2593 7860.84 7497.43 10329.2 3170.1 12317.4 8293.67 4375.84 12500 12500 356079 115191 396091 124691 202837 160523 5918.72 0 313465 
2599 7905.19 7491.04 10344.2 3157.86 12318.2 8256.82 4393.44 12500 12500 356592 115471 397313 124752 203391 161646 5976.29 0 313716 
2606 7974.68 7476.96 10355.1 3084.95 12326.7 8221.51 4374.53 12500 12500 357220 115779 398872 124831 204032 163102 6083.3 0 313946 
2612 8057.59 7494.37 10352.2 3026.09 12331 8201.53 4380.53 12500 12500 357697 116074 400207 124974 204559 164308 6169.95 0 314065 
2618 8095.34 7484.93 10344.3 2979.71 12335 8136.05 4362.7 12500 12500 358234 116375 401522 125074 205229 165564 6237.66 0 314311 
2629 8238.48 7502.92 10344.6 2943.93 12338.9 8089.49 4414.65 12500 12500 359120 116886 403883 125333 206252 167665 6342.73 0 314508 
2634 8306.15 7547.28 10334.7 2899.16 12340 8079.8 4405.06 12500 12500 359405 117136 405009 125462 206685 168688 6401.23 0 314574 
2640 8347.67 7517.74 10306.7 2853.01 12339.5 8032.88 4428.47 12500 12500 360051 117581 406351 125547 207317 169791 6449.57 0 314762 
2646 8398.38 7515.35 10289.2 2802.2 12344.1 8019.33 4397.97 12500 12500 360592 117978 407731 125684 207850 171095 6525.44 0 314903 
2653 8436.83 7502.23 10289.9 2772.01 12347.9 7961.11 4397.07 12500 12500 361234 118356 409260 125894 208602 172555 6643.51 0 315131 
2658 8493.5 7502.69 10278.4 2746.49 12352.4 7932.37 4398.2 12500 12500 361666 118659 410359 125974 209110 173582 6732.83 0 315204 
2666 8590.53 7496.33 10249.4 2753.74 12353.2 7846.82 4428.93 12500 12500 362370 119141 411952 126068 210049 175092 6869.96 0 315290 
2683 8744.77 7417.19 10165.5 2693.2 12361.4 7633.06 4519.31 12500 12500 364022 120379 415621 126297 212166 178287 7045.69 0 315575 
2690 8832.91 7452.91 10122.9 2636.48 12365 7602.51 4512.15 12500 12500 364493 120855 417214 126354 212869 179704 7099.35 0 315598 
2697 8879.58 7442 10064.6 2576.52 12365.4 7541.59 4515.11 12500 12500 365122 121329 418830 126433 213664 181037 7148.57 0 315735 
2711 8969.28 7400.29 9919.22 2535.54 12366 7435.13 4606.4 12500 12500 366466 122463 421856 126699 215224 183499 7335.62 0 315997 
2722 9053.25 7383.23 9823.32 2506.29 12371.3 7322.39 4642.08 12500 12500 367448 123404 424273 126958 216569 185562 7500.7 0 316129 
2727 9060.83 7320.5 9779.04 2496.98 12374.7 7210.87 4672.52 12500 12500 368054 123854 425347 127095 217366 186489 7553.01 0 316272 
2734 9099.33 7254.21 9697.9 2505.45 12373.4 7112.01 4735.88 12500 12500 368844 124540 426798 127317 218306 187686 7648.9 0 316382 
2740 9100.17 7220.52 9662.43 2538.44 12376 7043.4 4785.49 12500 12500 369489 125066 427972 127593 219077 188777 7718.86 0 316573 
2753 9106.91 7163.23 9552.34 2591.1 12368.5 6920.38 4917.68 12500 12500 370862 126240 430570 128101 220711 190856 7897.12 0 316970 
2763 9101.49 7106.91 9448.24 2673.66 12357.2 6798.93 5072.77 12500 12500 371948 127196 432484 128474 222074 192252 8007.09 0 317312 
2776 9061.57 6960.42 9377.55 2675.12 12357.5 6617.38 5174.56 12500 12500 373615 128272 435076 128716 223980 194384 8227.99 0 317866 
2784 9063.91 6908.67 9299.67 2659 12353 6535.16 5210.28 12500 12500 374579 129103 436812 129073 225098 195891 8439.94 0 318130 
2795 8988.72 6824.16 9216.47 2679.24 12344.5 6437.13 5264.84 12500 12500 376063 130238 439010 129400 226618 197824 8707.8 0 318747 
2801 8983.49 6813.68 9204.02 2684.53 12333.1 6405.87 5259.54 12500 12500 376750 130719 440188 129546 227393 198942 8816.28 0 318983 
2812 8962.46 6747.76 9156.81 2663.82 12323 6321.78 5298.11 12500 12500 378096 131647 442423 129927 228915 200802 8991.94 0 319462 
2817 8920.57 6696.56 9102.93 2675.1 12316 6250.45 5339.57 12500 12500 378783 132175 443416 130078 229721 201595 9038.89 0 319784 
2823 8912.1 6688 9061 2694.98 12305.5 6214.11 5359.96 12500 12500 379432 132729 444625 130253 230550 202620 9100.11 0 320047 
2834 8884.49 6576.75 9007.71 2729.52 12293.8 6141.52 5417.29 12500 12500 380912 133744 446762 130498 232084 204348 9204.05 0 320568 
2849 8848.48 6555.65 8857.32 2744.99 12282.4 6044.44 5545.63 12500 12500 382545 135474 449801 130912 234180 206661 9341.09 0 321286 
2852 8808.42 6543.96 8841.14 2756.93 12274.1 6022.39 5549.73 12500 12500 382895 135757 450348 131035 234602 207165 9373.4 0 321529 
2863 8772.84 6573.49 8813.27 2734.13 12262.2 5996.16 5571.63 12500 12500 384031 136763 452545 131493 236028 208954 9533.81 0 322118 
2867 8775.31 6635.43 8814.49 2711.47 12262.7 6015.99 5533.7 12500 12500 384270 137061 453402 131648 236464 209733 9589.78 0 322288 
2878 8725.85 6634.72 8786.64 2701.44 12249.4 6037.97 5527.17 12500 12500 385494 138056 455640 132023 237752 211560 9773.11 0 322931 
2888 8686.44 6661.63 8784.9 2697.51 12239.7 6040.23 5493.73 12500 12500 386562 138958 457744 132403 238960 213469 9864.53 0 323506 
2894 8706.88 6665.33 8743.58 2706 12239.2 6012.96 5492.24 12500 12500 387178 139547 458932 132602 239755 214559 9945.38 0 323717 
2898 8719.24 6675.11 8722.12 2746.22 12235.6 5995.06 5510.75 12500 12500 387555 139914 459581 132660 240296 215198 9978.77 0 323866 
2907 8749.36 6676.55 8684.67 2768.23 12223.7 5955.8 5499.8 12500 12500 388478 140772 461281 132887 241527 216820 10062.3 0 324187 
2917 8776.81 6690.5 8633.85 2779.96 12218.6 5896.75 5481.12 12500 12500 389462 141728 463333 133202 242961 218646 10160 0 324555 
2923 8783.09 6691.18 8582.76 2767.53 12215.6 5826.63 5495.92 12500 12500 390052 142348 464604 133443 243930 219603 10234.5 0 324805 
2933 8785.2 6687.06 8535.57 2793.06 12205.5 5770.83 5508.63 12500 12500 391075 143282 466608 134133 245376 221252 10397.8 0 325243 
2947 8734.98 6577.69 8388.78 2818.73 12201.2 5633.08 5639.12 12500 12500 392957 144918 469532 134612 247616 223233 10647.5 0 326034 
2953 8732.79 6520.7 8360.85 2795.67 12187.4 5558.3 5634.93 12500 12500 393788 145598 470784 134866 248635 224284 10759.6 0 326321 
2956 8757.01 6523.04 8350.01 2784.55 12191.7 5535.1 5653.8 12500 12500 394131 145931 471414 134967 249104 224756 10822.7 0 326388 
2964 8703.58 6409.62 8305.94 2817.34 12189.4 5378.87 5733.56 12500 12500 395398 146931 472837 135273 250615 226010 10986.6 0 326922 
2978 8691.82 6302.19 8115.55 2861.17 12182.2 5223.5 5855.85 12500 12500 397233 148881 475541 135824 252954 227963 11253.3 0 327625 
2983 8668.8 6308.89 8061.83 2913.99 12182 5199.98 5923.19 12500 12500 397799 149508 476341 135900 253702 228588 11291.5 0 327939 
2992 8667.99 6247.48 7949.7 2950.87 12167.8 5082.34 6057.84 12500 12500 399114 150827 477947 136071 255302 229666 11353.2 0 328385 
2997 8696.79 6196.36 7921.78 2931.63 12171.3 5063.41 6088.14 12500 12500 399842 151410 478928 136100 256049 230369 11373.1 0 328533 
3011 8715.03 6029.89 7735.2 2869.67 12169.7 4887.57 6234.46 12500 12500 401976 153416 481718 136595 258575 232187 11479.6 0 329138 
3019 8753.47 5950.11 7606.04 2835.46 12157.8 4787.91 6315.71 12500 12500 403217 154655 483399 136822 260034 233184 11557.3 0 329406 
3024 8772.96 5904.13 7543.47 2814.57 12166.7 4744.84 6352.64 12500 12500 403964 155391 484449 136952 260902 233849 11619.4 0 329582 
3031 8817.1 5848.05 7457.47 2863.25 12161.3 4656.27 6437.39 12500 12500 404980 156570 485747 137200 262202 234706 11655.6 0 329780 
3044 8841.2 5715.22 7363.53 2923.38 12172.3 4510.22 6599.53 12500 12500 406905 158386 488030 137463 264596 236206 11707.5 0 330304 
3049 8867.22 5677.13 7342.46 2960.35 12174.6 4475.84 6652.32 12500 12500 407640 159050 488835 137551 265458 236813 11738.3 0 330453 
3058 8932.71 5584.19 7266.44 2951.93 12177.9 4389.62 6730.76 12500 12500 409052 160346 490505 137731 267103 237916 11791.4 0 330660 
3060 8949.75 5601.86 7245.86 2953.68 12176.4 4380.75 6743.08 12500 12500 409257 160663 490870 137776 267447 238175 11810.8 0 330695 
3067 8980.94 5526.1 7158.52 2934.89 12171.3 4292.44 6777.81 12500 12500 410381 161819 492259 137972 268833 239100 11860.9 0 330897 
3072 9014.8 5546 7098.78 2919.36 12180.5 4264.32 6817.41 12500 12500 410972 162600 493286 138108 269733 239695 11935.5 0 331002 
3082 8940.36 5529.44 7039.34 2911.44 12179.9 4197.75 6892.26 12500 12500 412384 163963 495225 138378 271585 240958 12018.4 0 331652 
3091 8928.07 5439.79 6987.16 2919.1 12184.5 4139.41 6961.13 12500 12500 413862 165198 496963 138660 273236 242105 12097 0 332076 
3095 8927.37 5433.87 6963.47 2912.5 12187.1 4130.93 6995.37 12500 12500 414415 165784 497772 138803 273924 242598 12135.2 0 332248 
3097 8946.21 5442.75 6968.45 2912.88 12191.3 4128.65 6986.59 12500 12500 414661 166022 498167 138849 274263 242905 12144.2 0 332277 
3108 8925.98 5376.17 6928.55 2958.16 12204.7 4112.38 7056.59 12500 12500 416362 167606 500139 139173 276161 244205 12237.4 0 332807 
3121 8895.01 5243.34 6784.79 2998.9 12229.4 4039.7 7142.58 12500 12500 418629 169987 502649 139617 278582 245706 12320.5 0 333468 
3125 8901.39 5237.57 6758.21 3041.59 12237.2 4037.22 7183.78 12500 12500 419217 170655 503330 139730 279263 246200 12339.9 0 333629 
3136 8903.63 5276.13 6632.18 3059.52 12191.5 4025.55 7243.43 12500 12500 420605 172516 505383 140009 281168 247356 12370.9 0 334118 
3141 8939.46 5293.37 6607.28 3118.13 12175.3 4060.52 7259.65 12500 12500 421219 173261 506154 140084 281909 247887 12413.8 0 334234 
3150 8945.2 5328.37 6537.51 3128.65 12177.5 4039.81 7292.86 12500 12500 422351 174744 507794 140261 283467 248810 12486.3 0 334615 
3153 8960.51 5328.94 6523.93 3139.13 12184.2 4039.89 7320.03 12500 12500 422745 175218 508318 140305 283964 249121 12514.5 0 334700 
3163 8947.92 5394.41 6486.47 3153.75 12185.3 4072.82 7358.69 12500 12500 423910 176681 510096 140593 285550 250233 12603.3 0 335176 
3174 8956.92 5333.07 6337.95 3115.28 12161 4001.16 7414.54 12500 12500 425613 178782 512426 141078 287620 251436 12679.6 0 335624 
3180 8997.3 5332.51 6292.71 3128.67 12126.6 3976.17 7443 12500 12500 426396 179865 513661 141463 288707 252103 12727.7 0 335759 
3186 9023.32 5324.45 6198.84 3143.24 12108 3927.9 7498.41 12500 12500 427187 181074 514865 141787 289870 252680 12803.1 0 335932 
3189 8990.73 5258.02 6146.97 3139.19 12114.7 3888.09 7523.52 12500 12500 427764 181678 515487 141896 290497 252951 12833.5 0 336157 
3195 8976.55 5250.8 6093.69 3173.14 12117.8 3854.34 7568.29 12500 12500 428570 182769 516571 142141 291624 253549 12935.5 0 336450 
3204 8952.67 5253.63 6039.54 3213.41 12119.7 3784.69 7656.95 12500 12500 429716 184318 518135 142562 293392 254348 13002.3 0 336909 
3212 8889.02 5162.38 5970.75 3213.36 12142.3 3727.48 7765.52 12500 12500 431113 185934 519684 142836 294970 254983 13048.3 0 337452 
3216 8862.89 5171.9 5959.02 3230.76 12143.5 3711.87 7815.32 12500 12500 431690 186748 520380 142961 295723 255310 13077.1 0 337714 
3222 8823.02 5169.24 5939.78 3274.07 12144.8 3716.49 7834.87 12500 12500 432587 187831 521360 143115 296755 255947 13105.7 0 338114 
3226 8819.96 5157.04 5911.23 3267.62 12134.6 3711.83 7849.96 12500 12500 433206 188665 522161 143342 297482 256361 13140.2 0 338314 
3231 8807.81 5141.57 5877.26 3294.07 12139.7 3681.64 7874.34 12500 12500 433955 189642 523061 143576 298454 256816 13185.6 0 338589 
3236 8844.29 5166.56 5855.18 3300.3 12147.7 3655.04 7906.78 12500 12500 434584 190540 523933 143726 299411 257246 13218.9 0 338717 
3239 8837.27 5179.23 5820.06 3314.89 12147.3 3637.32 7940.99 12500 12500 434978 191139 524424 143809 299992 257482 13226.4 0 338879 
3245 8848.29 5147.25 5778.46 3317.59 12152.2 3590.4 7967.46 12500 12500 435857 192184 525441 143909 301191 258065 13255.8 0 339127 
3257 8885.37 5193.83 5763.5 3368.02 12100.6 3579.57 8060.9 12500 12500 437265 194016 527324 144377 303355 259127 13295.9 0 339566 
3263 8858.3 5166.67 5757.02 3383.24 12111.3 3551.76 8098.92 12500 12500 438170 194993 528451 144581 304515 259701 13308.8 0 339923 
3270 8876.98 5163.85 5696.98 3392.03 12134.9 3522.67 8174.29 12500 12500 439131 196396 529854 144836 305851 260347 13320.9 0 340187 
3276 8887.95 5212.38 5657.01 3373.62 12149.4 3549.17 8194.31 12500 12500 439788 197541 531042 145178 306850 260938 13344.7 0 340428 
3278 8889.19 5196.38 5625.36 3367.14 12156.4 3520.59 8218.56 12500 12500 440088 197990 531452 145216 307294 261072 13347.3 0 340515 
3291 8826.07 5150.92 5597.29 3368.69 12184 3438.68 8280.53 12500 12500 441854 200292 533853 145573 309889 262228 13364.9 0 341303 
3295 8825.1 5138.95 5578.11 3340.4 12190.5 3404.79 8289.85 12500 12500 442389 201005 534698 145693 310723 262615 13381.3 0 341493 
3300 8785.97 5108.84 5500.28 3418.47 12200.2 3366.27 8349.97 12500 12500 443142 202123 535434 145843 311752 262961 13395.7 0 341852 
3305 8778.51 5068.25 5448.18 3432.37 12211.9 3343.28 8364.7 12500 12500 443961 203257 536422 146023 312736 263458 13428.9 0 342118 
3313 8742.28 5052.71 5398.43 3486.98 12226.6 3379.71 8434.3 12500 12500 445088 204837 537796 146140 314083 263995 13510.2 0 342623 
3320 8730.85 5067.58 5330.27 3559.29 12242.2 3395.12 8495.04 12500 12500 445994 206288 538860 146144 315304 264416 13529.4 0 343007 
3323 8734.33 5070.6 5298.15 3532.27 12249.9 3353.77 8515.33 12500 12500 446395 206890 539509 146184 315972 264611 13541.7 0 343147 
3327 8787.82 5101.39 5252.98 3535 12256.8 3363.13 8536.72 12500 12500 446790 207724 540317 146290 316668 264877 13554.9 0 343186 
3330 8793.12 5101.85 5225.31 3540.84 12264 3357.45 8564.2 12500 12500 447148 208333 540940 146383 317224 265062 13573.3 0 343315 
3343 8842.52 5133.11 5250.93 3512.41 12276.1 3387.33 8571.37 12500 12500 448666 210536 543553 146716 319492 266065 13674.4 0 343785 
3352 8809.34 5178.41 5330.52 3481.66 12287.6 3451.08 8575.17 12500 12500 449759 212008 545224 146914 320949 266836 13700.1 0 344308 
3356 8773.15 5156.79 5372.39 3433.38 12281.2 3442.23 8572.29 12500 12500 450311 212617 546079 146972 321707 267171 13717.8 0 344609 
3364 8721.87 5180.05 5443.49 3438.23 12291.4 3469.28 8563.01 12500 12500 451209 213771 547494 146999 323080 267829 13757.7 0 345161 
3367 8721.88 5167.75 5433.56 3422.79 12297.6 3450.04 8560.84 12500 12500 451612 214301 548063 147029 323682 268091 13767.4 0 345314 
3374 8731.65 5168.28 5439.35 3430.27 12308.4 3444.22 8567.31 12500 12500 452468 215562 549470 147240 324972 268763 13819.6 0 345638 
3379 8716.98 5186.16 5447.15 3385.26 12307.9 3427.71 8576.56 12500 12500 453059 216462 550625 147487 325921 269155 13848.9 0 345935 
3395 8693.93 5232.59 5438.73 3311.54 12286.2 3436.04 8665 12500 12500 454930 219347 553765 148013 328816 270327 13938.6 0 346814 
3398 8688.25 5256.25 5404.51 3300.5 12280.7 3457.91 8682.97 12500 12500 455247 219995 554419 148161 329293 270525 13956.9 0 346984 
3403 8690.25 5263.39 5345.92 3265.97 12285.6 3419.71 8717.24 12500 12500 455859 221027 555546 148391 330316 270852 13985 0 347235 
3407 8710.18 5287.41 5314.19 3251.43 12293.1 3402.7 8716.57 12500 12500 456302 221862 556424 148583 331099 271214 14002.1 0 347381 
3412 8727.41 5286.13 5240.4 3253.27 12299.3 3433.89 8723.65 12500 12500 456895 222971 557441 148765 331914 271602 14079.7 0 347583 
3422 8754.94 5320.34 5240.73 3251.33 12311 3501.3 8666.59 12500 12500 457957 224789 559387 149051 333520 272469 14151.7 0 348000 
3433 8758.22 5286.79 5234.85 3262.59 12310.7 3493.04 8689.73 12500 12500 459380 226810 561311 149069 335502 273211 14216.3 0 348533 
3440 8764.37 5240.73 5180.56 3262.13 12318.7 3458.5 8695.89 12500 12500 460356 228238 562698 149232 336847 273785 14229.6 0 348860 
3443 8771.79 5246.32 5164.08 3267.32 12323.1 3466.5 8700.03 12500 12500 460749 228864 563255 149275 337349 273979 14245.8 0 348986 
3447 8751.95 5212.35 5127.47 3241.04 12328.1 3415.02 8715.47 12500 12500 461346 229675 564079 149329 338203 274203 14260.9 0 349240 
3453 8779.48 5191.11 5068.45 3201.89 12338.2 3376.66 8741 12500 12500 462107 230891 565242 149332 339379 274520 14281.5 0 349449 
3458 8815.3 5234.1 5056.5 3188.35 12346.1 3413.9 8732.28 12500 12500 462564 231807 566176 149376 340162 274886 14305.4 0 349581 
3466 8809.45 5248.58 5077.5 3222.17 12358 3418.59 8747.93 12500 12500 463457 233309 567506 149431 341579 275453 14320 0 349974 
3469 8821.74 5263.53 5049.01 3203.01 12361.2 3427.45 8756.16 12500 12500 463776 233987 568162 149470 342095 275652 14338.5 0 350079 
3472 8842.9 5328.62 5055.07 3209.43 12364.4 3448.78 8756.69 12500 12500 463941 234514 568740 149504 342573 275867 14339.1 0 350155 
3478 8853.76 5356.91 5036.45 3162.87 12371.3 3421.03 8750.28 12500 12500 464539 235591 570008 149516 343727 276331 14356.4 0 350401 
3487 8853.76 5354.36 4998.56 3177.89 12381.4 3447.09 8715.27 12500 12500 465548 237310 571646 149702 345242 277342 14400.6 0 350813 
3494 8857.88 5372.24 5006.98 3159.87 12385.6 3446.67 8695.51 12500 12500 466268 238474 572964 149879 346488 277866 14491.1 0 351122 
