# Avida Average Data
# Sun Nov  7 22:11:30 2010
#  1: Update
#  2: Merit
#  3: Gestation Time
#  4: Fitness
#  5: Repro Rate?
#  6: Size
#  7: Copied Size
#  8: Executed Size
#  9: Abundance
# 10: Proportion of organisms that gave birth in this update
# 11: Proportion of Breed True Organisms
# 12: Genotype Depth
# 13: Generation
# 14: Neutral Metric
# 15: Lineage Label
# 16: True Replication Rate (based on births/update, time-averaged)

0 97 389 0 0 100 100 97 1 1 1 0 0 0 0 0 
100 95.3077 384.508 0.247407 0 100.108 99.2923 95.3077 1.625 0 0 1.81538 6.89231 0.179991 0 0 
200 96.35 387.44 0.248118 0 101.82 100.76 96.39 1.17647 0.02 0.01 4.55 14.86 1.45651 0 0 
300 98.33 402.95 0.243932 0 104.91 103.88 98.33 1.21951 0.01 0.01 7.27 22.74 0.945539 0 0 
400 99.65 408.04 0.247416 0 111.76 107.37 101.59 1.25 0.03 0.02 9.22 30.49 0.751466 0 0 
500 97.53 401.65 0.245131 0 109.81 104.75 99.48 1.21951 0.02 0 11.37 38.38 -1.23935 0 0.15789 
600 95.32 379.79 0.251206 0 101.18 100.3 95.32 1.23457 0.07 0.01 12.37 46.56 -2.00113 0 0.154744 
700 95.29 378.9 0.251 0 102.29 101.16 95.29 1.19048 0.01 0 14.9 54.95 -2.07755 0 0.156522 
800 101.64 411.54 0.248458 0 112.55 108.59 103.1 1.23457 0.03 0.01 19.16 62.87 -5.37014 0 0.15588 
900 103.07 412.87 0.252179 0 110.79 108.67 104.47 1.38889 0.05 0.03 20.89 70.45 -9.99138 0 0.157018 
1000 103.66 408.75 0.253841 0 111.08 108.5 103.66 1.16279 0.07 0.01 22.93 78.13 -6.21797 0 0.15792 
1100 104.28 414.28 0.252508 0 112.47 110.61 105.17 1.11111 0.03 0.01 24.39 85.62 -7.232 0 0.160861 
1200 106.25 418.43 0.254545 0 112.63 111.85 106.25 1.31579 0.07 0.02 26.26 92.91 -7.68132 0 0.160698 
1300 108.879 429.03 0.254893 0 115.657 115.525 108.879 1.20732 0.111111 0.040404 28.899 100 -7.75599 0 0.161714 
1400 107.95 430.32 0.250392 0 118.24 115.13 107.95 1.16279 0.06 0.03 31.03 107.05 -9.61809 0 0.16179 
1500 108.89 450.14 0.247792 0 127.74 119.46 112.79 1.17647 0.03 0.01 33.73 113.55 -12.733 0 0.15877 
1600 114.48 483.91 0.249905 0 142.85 127.19 123.12 1.20482 0.04 0 37.2 120.85 -8.81558 0 0.155535 
1700 111.28 438.59 0.254817 0 121.96 117.5 111.28 1.16279 0.03 0.01 39.38 128.17 -9.50637 0 0.155018 
1800 99.2929 394.758 0.255692 0 110.525 106.04 100.263 1.19277 0.0808081 0.010101 34.2121 135.929 0.0411004 0 0.152908 
1900 99.41 390.91 0.255076 0 108.71 105.4 100.26 1.28205 0.05 0.01 37.89 143.78 -0.0592634 0 0.153789 
2000 99.2 388.67 0.256678 0 108.1 104.96 100.1 1.2987 0 0 37.35 151.85 -0.596738 0 0.156786 
2100 98.3333 384.202 0.256322 0 104.414 104.293 98.3333 1.20732 0 0 39.202 159.758 -1.28364 0 0.1587 
2200 99.64 385.21 0.258856 0 106.42 105.22 99.64 1.19048 0.07 0.02 43.52 167.83 -0.324302 0 0.159326 
2300 100.96 389.46 0.260292 0 106.2 106.24 100.96 1.25 0.05 0 46.76 175.74 0.900141 0 0.160871 
2400 97.46 372.53 0.261799 0 102.93 102.37 97.46 1.28205 0.06 0.01 44.49 184.52 6.46111 0 0.161595 
2500 105.71 382.45 0.279571 0 105.94 104.75 100.98 1.38889 0.11 0.05 47.73 193.31 6.621 0 0.162614 
2600 104.49 371.15 0.282214 0 103.04 102.04 97.7 1.23457 0.02 0.01 49.02 202.33 12.4996 0 0.166185 
2700 101.43 366.07 0.276697 0 102.67 100.3 94.75 1.21951 0.06 0.03 51.29 211.63 15.5981 0 0.170209 
2800 123.35 363.54 0.339754 0 101.37 100.8 95.76 1.26582 0.04 0.01 53.7 225.69 21.1629 0 0.177568 
2900 130.64 361.34 0.361136 0 100.83 100.35 94.85 1.2987 0.06 0.04 56.64 237.41 27.2947 0 0.18703 
3000 148.57 365.3 0.408555 0 102.95 101.26 95.58 1.17647 0.06 0.02 60.06 248.78 31.6319 0 0.201977 
3100 149.35 368.98 0.405599 0 100.83 100.8 94.62 1.2987 0.01 0.01 62.34 258.59 32.4943 0 0.219625 
3200 165.87 379.56 0.438487 0 101.39 101.38 94.81 1.33333 0.04 0.01 64.87 266.54 31.1029 0 0.234512 
3300 168 391.54 0.4289 0 103.31 103.18 96.32 1.28205 0 0 67.92 277.71 33.3373 0 0.25182 
3400 183.15 378.24 0.484431 0 104.2 103.69 96.84 1.21951 0.07 0.03 69.99 285.97 30.3376 0 0.264438 
3500 191.31 377.81 0.506801 0 104.32 103.08 96.77 1.23457 0.07 0.01 72.6 293.36 24.8812 0 0.277656 
3600 211.47 372.63 0.567982 0 101.19 100.21 94.62 1.26582 0.02 0.01 74.28 305.01 22.7994 0 0.294276 
3700 225.63 370.15 0.609239 0 101.29 101.13 95.95 1.38889 0.03 0.02 76.73 320.06 20.5686 0 0.317454 
3800 260 381.77 0.693957 0 108.23 104.1 98.25 1.31579 0.07 0.04 79.52 336.94 16.6179 0 0.339664 
3900 247.71 378.02 0.663842 0 105.03 102.31 97.4 1.25 0.06 0.03 81.1 352.36 15.782 0 0.369729 
4000 264.32 376.54 0.704401 0 101.3 101.26 95.59 1.25 0.05 0.03 82.16 367.33 17.7099 0 0.402776 
4100 326.13 365.84 0.890053 0 101.48 100.97 94.72 1.40845 0.02 0.01 84.23 379.34 11.9891 0 0.431853 
4200 388.242 365.323 1.07554 0 101.172 99.0606 92.8586 1.28571 0.010101 0.010101 86.3838 399.98 17.4726 0 0.476812 
4300 458.153 358.378 1.28064 0 100.867 100.316 93.2347 1.225 0.0714286 0.0306122 89.6735 420.204 21.4095 0 0.565471 
4400 488.92 372.2 1.34577 0 101.03 100.47 93.54 1.31579 0.11 0.06 91.18 436.75 16.2438 0 0.649124 
4500 590.49 362.2 1.62771 0 101.55 101.18 95.28 1.33333 0.04 0.01 91.9 449.1 14.4364 0 0.764219 
4600 538.404 358.707 1.492 0 101.02 100.02 92.3131 1.33784 0.010101 0.010101 94.0707 460.475 18.3616 0 0.861345 
4700 547.56 371.29 1.50876 0 102.68 100.5 94.55 1.25 0.04 0.02 95.24 471.82 23.8869 0 0.928624 
4800 506.87 362.15 1.39797 0 101.65 99.83 92.22 1.25 0.02 0.01 98.78 483.16 26.1376 0 0.942076 
4900 483.43 360.58 1.33919 0 101.24 100.2 94.44 1.25 0 0 99.99 495.83 26.4824 0 0.936845 
5000 531.55 361.66 1.47501 0 100.89 100.4 92.87 1.2987 0.01 0.01 101.93 508.96 29.6514 0 0.90155 
5100 548.606 359.697 1.52105 0 100.687 100.727 92.697 1.45588 0.131313 0.0707071 103.051 520.677 31.0891 0 0.885334 
5200 457.15 361.05 1.26686 0 102.79 100.29 91.64 1.26582 0.08 0.01 104.83 531.5 31.8948 0 0.894697 
5300 554.54 363.21 1.53881 0 101.67 100.23 90.66 1.49254 0.05 0.02 105.69 543.66 34.5761 0 0.895897 
5400 534.293 360.848 1.4804 0 100.929 100.929 93.8182 1.375 0.151515 0.0808081 105.869 555.414 36.53 0 0.917437 
5500 541.07 367.7 1.49907 0 100.51 100.02 92.47 1.26582 0.08 0.04 107.72 566.8 36.5999 0 0.932201 
5600 577.84 361.3 1.59822 0 101.84 100.55 92.56 1.42857 0.07 0.05 108.27 578.26 34.2319 0 0.947862 
5700 540.1 366.77 1.48181 0 102.52 100.16 92.38 1.40845 0.02 0.01 109.44 590.26 33.408 0 0.934813 
5800 492.89 360.26 1.37131 0 100.65 100.11 92.07 1.35135 0.07 0.02 110.48 601.9 35.0938 0 0.932906 
5900 580.98 360.34 1.6109 0 100.47 100.45 93.78 1.36986 0.1 0.05 112.06 615.14 38.9368 0 0.918554 
6000 564.67 354.53 1.58651 0 100.02 97.8 89.92 1.25 0.02 0.01 112.94 628.16 39.8638 0 0.914393 
6100 560.22 362.34 1.54794 0 100 98.98 91.79 1.38889 0.04 0.01 113.36 638.59 43.3878 0 0.893009 
6200 532.3 361.04 1.47324 0 99.26 98.26 91.04 1.2987 0.01 0 115.01 649.62 44.4839 0 0.90368 
6300 501.44 364.14 1.38068 0 98.59 98.6 90.96 1.25 0.05 0.02 117.81 661.41 45.7306 0 0.883741 
6400 466.85 358.88 1.305 0 98.73 98.18 90.99 1.21951 0 0 121.07 675 49.5571 0 0.884039 
6500 545.86 360.85 1.51812 0 98.53 98.53 91.74 1.44928 0.01 0 123.49 688.74 51.6189 0 0.874008 
6600 572.37 354.58 1.61426 0 98.46 98 91.6 1.47059 0.04 0.04 124.94 699.98 49.8806 0 0.913184 
6700 498.05 351.36 1.41901 0 98.63 97.15 91.02 1.23457 0.08 0.05 126.35 710.9 50.2513 0 0.917876 
6800 538.25 355.29 1.51368 0 98.27 98.3 92.6 1.38889 0.05 0.02 127.84 722.64 54.3393 0 0.948785 
6900 611.92 352.69 1.73555 0 98.19 97.74 91.6 1.28205 0.04 0.02 129.01 733.74 58.98 0 0.984302 
7000 540.99 353.2 1.5276 0 97.93 95.96 90.32 1.2987 0.03 0.01 130.2 745.26 58.6107 0 1.00164 
7100 528.94 354.43 1.48485 0 98.55 97.59 91.37 1.33333 0.04 0.02 131.36 757.95 58.401 0 0.971315 
7200 731.02 361.74 2.06956 0 98.3 97.82 91.78 1.36986 0.06 0.03 132.53 770.7 54.3055 0 0.973789 
7300 794.05 353.56 2.266 0 97.05 96.53 91 1.31579 0.06 0.02 133.29 784.58 50.4925 0 1.04979 
7400 1075.89 349.33 3.08877 0 95.34 95.34 90.27 1.47059 0.07 0.03 135.81 801.23 49.6946 0 1.15864 
7500 986.44 356.49 2.84057 0 95.05 92.68 86.32 1.44928 0.07 0.05 137.93 813.57 49.7357 0 1.34934 
7600 984.919 348.919 2.849 0 94.596 94.1111 87.9394 1.32 0.0505051 0.010101 140.202 826.657 49.0814 0 1.53435 
7700 977.13 350.06 2.84081 0 94.58 93.69 87.22 1.44928 0.01 0.01 140.43 838.75 48.0738 0 1.72247 
7800 1033.9 346.4 2.98805 0 95.05 95 88.54 1.25 0.06 0.02 141.69 852.21 46.833 0 1.82132 
7900 1036.33 346.202 3.02533 0 94.2929 94.2929 87.0505 1.39437 0.0505051 0.020202 143.455 864.848 42.7201 0 1.84732 
8000 928.29 342.61 2.70039 0 94.51 94.08 86.65 1.38889 0.04 0.02 144.36 877.57 40.162 0 1.81425 
8100 1032.05 342.89 3.00296 0 94.47 94.42 86.65 1.44928 0.06 0.05 146.42 890.43 38.3883 0 1.81695 
8200 856.82 343.86 2.48963 0 94.7 93.72 85.3 1.19048 0.05 0.01 146.55 902.92 36.1971 0 1.74732 
8300 966.99 336.33 2.86136 0 93.75 92.75 84.78 1.40845 0.13 0.07 148.59 917.69 37.2065 0 1.72719 
8400 1013.99 350.76 2.97543 0 93.66 93.64 86.48 1.42857 0.08 0.04 149.72 930.44 36.2238 0 1.78446 
8500 1097.09 341.4 3.22392 0 93.61 93.6 86.34 1.42857 0.16 0.05 150.34 942.13 35.1383 0 1.80986 
8600 1044.61 343.273 3.07901 0 92.5859 91.2121 83.3636 1.57143 0.0505051 0.030303 152.707 953.596 39.3825 0 1.83262 
8700 902.576 333.737 2.7043 0 91.3434 90.4848 83.5152 1.375 0 0 153.525 965.667 41.9288 0 1.89643 
8800 1045.72 332.4 3.14031 0 93.19 90.2 82.48 1.5625 0.08 0.04 154.24 979.68 37.4083 0 1.87193 
8900 973.58 332.96 2.93867 0 91.92 90.82 82.9 1.25 0.04 0.01 156.99 992.77 36.6537 0 1.82621 
9000 977.64 352.94 2.90216 0 91.06 90.59 83.65 1.44928 0.11 0.07 159.07 1006.13 41.6534 0 1.82509 
9100 956.89 330.45 2.86884 0 92.46 91.03 82.98 1.35135 0.01 0.01 160.05 1019.37 37.0142 0 1.79806 
9200 921.43 331.93 2.75613 0 92.95 91.11 82.6 1.2987 0.03 0.02 160.65 1032.85 32.8429 0 1.77535 
9300 939.434 335.99 2.79925 0 93.0909 92.6465 84.5455 1.2375 0.121212 0.0505051 161.667 1045.7 32.8373 0 1.81159 
9400 997.09 335.16 2.97336 0 93.42 92.59 84.83 1.25 0.04 0.02 162.81 1058.53 32.5066 0 1.80592 
9500 978.94 336.56 2.91905 0 92.68 92.24 85.22 1.53846 0.03 0.01 164.37 1072.3 32.8498 0 1.80229 
9600 974.1 333.82 2.91278 0 92.58 92.59 84.89 1.42857 0.02 0.01 165.29 1084.85 31.3299 0 1.81617 
9700 1096.47 333.82 3.2651 0 92.62 92.14 84.86 1.26582 0.08 0.03 166.74 1097.02 31.9822 0 1.86032 
9800 931.8 334.97 2.78053 0 92.37 91.46 84.35 1.36986 0.06 0.04 168.99 1109.81 26.9359 0 1.84114 
9900 888.18 332.35 2.67265 0 93.34 91.37 84.42 1.36986 0.06 0.02 170.05 1124.67 30.3069 0 1.79736 
10000 1028.78 336.15 3.1148 0 90.98 90.62 84.69 1.40845 0.07 0.03 171.27 1139.23 27.1537 0 1.79283 
