# Avida count data
# Sun Nov  7 22:11:30 2010
#  1: update
#  2: number of insts executed this update
#  3: number of organisms
#  4: number of different genotypes
#  5: number of different threshold genotypes
#  6: number of different species
#  7: number of different threshold species
#  8: number of different lineages
#  9: number of births in this update
# 10: number of deaths in this update
# 11: number of breed true
# 12: number of breed true organisms?
# 13: number of no-birth organisms
# 14: number of single-threaded organisms
# 15: number of multi-threaded organisms
# 16: number of modified organisms

0 30 1 1 1 0 0 0 1 0 1 1 1 1 0 0 
100 1950 65 40 6 0 0 0 0 0 0 30 35 65 0 0 
200 3000 100 85 8 0 0 0 2 2 1 31 53 100 0 0 
300 3000 100 82 11 0 0 0 1 1 1 32 58 100 0 0 
400 3000 100 80 12 0 0 0 3 3 2 36 55 100 0 0 
500 3000 100 82 10 0 0 0 2 2 0 30 58 100 0 0 
600 3000 100 81 9 0 0 0 7 7 1 35 59 100 0 0 
700 3000 100 84 8 0 0 0 1 1 0 33 55 100 0 0 
800 2970 100 81 10 0 0 0 3 2 1 28 59 100 0 0 
900 3000 100 72 11 0 0 0 5 5 3 42 57 100 0 0 
1000 3000 100 86 13 0 0 0 7 7 1 34 56 100 0 0 
1100 3000 100 90 10 0 0 0 3 3 1 26 54 100 0 0 
1200 3000 100 76 9 0 0 0 7 7 2 38 57 100 0 0 
1300 3000 99 82 6 0 0 0 11 12 4 34 59 99 0 0 
1400 3000 100 86 9 0 0 0 6 6 3 27 58 100 0 0 
1500 3000 100 85 7 0 0 0 3 3 1 33 60 100 0 0 
1600 3000 100 83 7 0 0 0 4 4 0 27 56 100 0 0 
1700 3000 100 86 6 0 0 0 3 3 1 34 56 100 0 0 
1800 2970 99 83 6 0 0 0 8 8 1 35 58 99 0 0 
1900 3000 100 78 10 0 0 0 5 5 1 38 61 100 0 0 
2000 3000 100 77 15 0 0 0 0 0 0 43 60 100 0 0 
2100 2970 99 82 8 0 0 0 0 0 0 32 58 99 0 0 
2200 3000 100 84 11 0 0 0 7 7 2 28 57 100 0 0 
2300 3000 100 80 9 0 0 0 5 5 0 35 58 100 0 0 
2400 3000 100 78 8 0 0 0 6 6 1 37 53 100 0 0 
2500 3000 100 72 15 0 0 0 11 11 5 50 53 100 0 0 
2600 2970 100 81 9 0 0 0 2 1 1 38 55 100 0 0 
2700 3000 100 82 9 0 0 0 6 6 3 36 59 100 0 0 
2800 3000 100 79 10 0 0 0 4 4 1 40 53 100 0 0 
2900 3000 100 77 12 0 0 0 6 6 4 39 55 100 0 0 
3000 3000 100 85 13 0 0 0 6 6 2 38 60 100 0 0 
3100 3000 100 77 13 0 0 0 1 1 1 41 56 100 0 0 
3200 3000 100 75 14 0 0 0 4 4 1 41 56 100 0 0 
3300 3000 100 78 15 0 0 0 0 0 0 39 51 100 0 0 
3400 3000 100 82 12 0 0 0 7 7 3 36 59 100 0 0 
3500 3000 100 81 11 0 0 0 7 7 1 36 59 100 0 0 
3600 3000 100 79 12 0 0 0 2 2 1 35 57 100 0 0 
3700 3000 100 72 13 0 0 0 3 3 2 49 58 100 0 0 
3800 3000 100 76 10 0 0 0 7 7 4 44 59 100 0 0 
3900 3000 100 80 6 0 0 0 6 6 3 31 55 100 0 0 
4000 3000 100 80 10 0 0 0 5 5 3 37 56 100 0 0 
4100 3000 100 71 15 0 0 0 2 2 1 48 54 100 0 0 
4200 3000 99 77 11 0 0 0 1 2 1 37 53 99 0 0 
4300 2970 98 80 7 0 0 0 7 8 3 32 54 98 0 0 
4400 3000 100 76 14 0 0 0 11 11 6 46 57 100 0 0 
4500 3000 100 75 14 0 0 0 4 4 1 41 60 100 0 0 
4600 2970 99 74 11 0 0 0 1 1 1 35 60 99 0 0 
4700 3000 100 80 13 0 0 0 4 4 2 37 56 100 0 0 
4800 3000 100 80 8 0 0 0 2 2 1 32 55 100 0 0 
4900 3000 100 80 9 0 0 0 0 0 0 33 61 100 0 0 
5000 3000 100 77 10 0 0 0 1 1 1 37 51 100 0 0 
5100 3000 99 68 9 0 0 0 13 14 7 51 56 99 0 0 
5200 3000 100 79 12 0 0 0 8 8 1 36 54 100 0 0 
5300 3000 100 67 14 0 0 0 5 5 2 45 57 100 0 0 
5400 3000 99 72 6 0 0 0 15 16 8 41 56 99 0 0 
5500 2970 100 79 11 0 0 0 8 7 4 46 66 100 0 0 
5600 2970 100 70 8 0 0 0 7 6 5 43 55 100 0 0 
5700 3000 100 71 10 0 0 0 2 2 1 42 57 100 0 0 
5800 3000 100 74 13 0 0 0 7 7 2 47 56 100 0 0 
5900 3000 100 73 7 0 0 0 10 10 5 44 64 100 0 0 
6000 3000 100 80 9 0 0 0 2 2 1 34 58 100 0 0 
6100 3000 100 72 9 0 0 0 4 4 1 47 55 100 0 0 
6200 3000 100 77 12 0 0 0 1 1 0 40 59 100 0 0 
6300 3000 100 80 9 0 0 0 5 5 2 35 55 100 0 0 
6400 3000 100 82 10 0 0 0 0 0 0 33 57 100 0 0 
6500 3000 100 69 10 0 0 0 1 1 0 53 57 100 0 0 
6600 3000 100 68 13 0 0 0 4 4 4 50 52 100 0 0 
6700 3000 100 81 14 0 0 0 8 8 5 40 62 100 0 0 
6800 3000 100 72 12 0 0 0 5 5 2 47 52 100 0 0 
6900 3000 100 78 13 0 0 0 4 4 2 44 61 100 0 0 
7000 3000 100 77 9 0 0 0 3 3 1 39 54 100 0 0 
7100 3000 100 75 9 0 0 0 4 4 2 47 54 100 0 0 
7200 3000 100 73 12 0 0 0 6 6 3 44 57 100 0 0 
7300 2970 100 76 6 0 0 0 6 5 2 36 61 100 0 0 
7400 3000 100 68 12 0 0 0 7 7 3 51 54 100 0 0 
7500 3000 100 69 13 0 0 0 7 7 5 46 53 100 0 0 
7600 2970 99 75 11 0 0 0 5 5 1 43 56 99 0 0 
7700 3000 100 69 14 0 0 0 1 1 1 48 57 100 0 0 
7800 3000 100 80 12 0 0 0 6 6 2 38 54 100 0 0 
7900 3000 99 71 9 0 0 0 5 6 2 40 47 99 0 0 
8000 3000 100 72 12 0 0 0 4 4 2 50 58 100 0 0 
8100 3000 100 69 11 0 0 0 6 6 5 50 54 100 0 0 
8200 3000 100 84 11 0 0 0 5 5 1 33 58 100 0 0 
8300 2970 100 71 11 0 0 0 13 12 7 48 53 100 0 0 
8400 3000 100 70 11 0 0 0 8 8 4 45 50 100 0 0 
8500 3000 100 70 12 0 0 0 16 16 5 44 56 100 0 0 
8600 3000 99 63 14 0 0 0 5 6 3 48 54 99 0 0 
8700 2970 99 72 12 0 0 0 0 0 0 42 54 99 0 0 
8800 3000 100 64 12 0 0 0 8 8 4 56 56 100 0 0 
8900 3000 100 80 11 0 0 0 4 4 1 37 56 100 0 0 
9000 3000 100 69 13 0 0 0 11 11 7 50 57 100 0 0 
9100 3000 100 74 11 0 0 0 1 1 1 42 56 100 0 0 
9200 3000 100 77 11 0 0 0 3 3 2 41 60 100 0 0 
9300 2970 99 80 11 0 0 0 12 12 5 32 51 99 0 0 
9400 3000 100 80 13 0 0 0 4 4 2 39 57 100 0 0 
9500 3000 100 65 14 0 0 0 3 3 1 50 57 100 0 0 
9600 3000 100 70 16 0 0 0 2 2 1 54 57 100 0 0 
9700 3000 100 79 14 0 0 0 8 8 3 40 57 100 0 0 
9800 3000 100 73 10 0 0 0 6 6 4 45 57 100 0 0 
9900 3000 100 73 10 0 0 0 6 6 2 45 56 100 0 0 
10000 3000 100 71 9 0 0 0 7 7 3 48 52 100 0 0 
