# Avida Dominant Data
# Sun Nov  7 22:11:30 2010
#  1: Update
#  2: Average Merit of the Dominant Genotype
#  3: Average Gestation Time of the Dominant Genotype
#  4: Average Fitness of the Dominant Genotype
#  5: Repro Rate?
#  6: Size of Dominant Genotype
#  7: Copied Size of Dominant Genotype
#  8: Executed Size of Dominant Genotype
#  9: Abundance of Dominant Genotype
# 10: Number of Births
# 11: Number of Dominant Breed True?
# 12: Dominant Gene Depth
# 13: Dominant Breed In
# 14: Max Fitness?
# 15: Genotype ID of Dominant Genotype
# 16: Name of the Dominant Genotype

0 0 0 0 0 100 0 0 1 0 0 0 0 0 1 100-aaaaa 
100 97 385 0.251948 0.0025974 100 100 97 8 0 0 1 0 0.255263 2 100-aaaab 
200 97 388 0.25 0.00257732 100 100 97 4 0 0 1 0 0.257979 11 100-aaaaf 
300 96 379 0.253298 0.00263852 99 99 96 5 0 0 6 0 0.256724 371 099-aaaac 
400 95 372 0.255376 0.00268817 98 98.4 95 4 0 0 11 0 0.259259 838 098-aaaae 
500 96 374 0.256684 0.0026738 99 99 96 3 0 0 11 0 0.259669 976 099-aaaak 
600 97 381 0.254593 0.00262467 100 100 97 5 0 0 8 0 0.261708 1140 100-aaabr 
700 88 362 0.243094 0.00276243 97 97 88 4 0 0 14 0 0.26087 1793 097-aaaae 
800 89 363 0.245179 0.00275482 97 97 89 3 0 0 15 0 0.26158 1978 097-aaaag 
900 89 356 0.25 0.00280899 96 96 89 5 0 0 18 0 0.264463 2056 096-aaaaj 
1000 91 354 0.257062 0.00282486 95 95.4167 91 3 1 0 19 0 0.261456 2487 095-aaaaa 
1100 96 373 0.257373 0.00268097 100 100 96 3 0 0 19 0 0.262873 2937 100-aaact 
1200 90 367 0.245232 0.0027248 99 99 90 3 0 0 17 0 0.264305 3148 099-aaabo 
1300 95 367 0.258856 0.0027248 99 99 95 3 0 0 20 0 0.266304 3378 099-aaabq 
1400 120 495 0.242424 0.0020202 134 134 120 4 2 2 37 0 0.264865 3781 134-aaaab 
1500 97 372 0.260753 0.00268817 100 100 97 3 0 0 23 0 0.264789 3772 100-aaadd 
1600 94 363 0.258953 0.00275482 98 98 94 3 0 0 25 0 0.268156 4461 098-aaaaz 
1700 93 360 0.258333 0.00277778 99 98.4 93 3 0 0 31 0 0.267409 4691 099-aaacb 
1800 96 359 0.267409 0.00278552 99 99 96 4 0 0 29 0 0.268156 4943 099-aaacc 
1900 96 358 0.268156 0.0027933 99 99 96 4 0 0 30 0 0.268698 5196 099-aaach 
2000 114 450 0.253333 0.00222222 121 121 114 7 0 0 47 0 0.269663 5448 121-aaaaa 
2100 96 356 0.269663 0.00280899 99 99 96 3 0 0 34 0 0.270195 5589 099-aaack 
2200 97.5294 365 0.267204 0.00273973 101 101 97.5294 2 0 0 40 0 0.365019 6075 101-aaaar 
2300 97.2 362 0.268508 0.00276243 101 101 97.2 4 0 0 44 0 0.271186 6474 101-aaaas 
2400 97 358 0.27095 0.0027933 100 99.4 97 4 0 0 42 0 0.276657 6819 100-aaaez 
2500 113 442 0.255656 0.00226244 121 121 113 4 0 0 60 0 0.541899 6983 121-aaaaj 
2600 96.5 365 0.264384 0.00273973 100 100.286 96.5 4 0 0 49 0 0.544944 7312 100-aaafo 
2700 97 356 0.272472 0.00280899 100 100 97 3 2 0 48 0 0.527473 7514 100-aaafw 
2800 190 363 0.523416 0.00275482 101 101 95 5 1 1 57 0 0.538244 7983 101-aaabo 
2900 190 363 0.523416 0.00275482 101 101 95 5 1 1 58 0 0.542373 8175 101-aaabu 
3000 192 367 0.523161 0.0027248 102 102 96 3 0 0 60 0 0.532967 8499 102-aaaao 
3100 186 358 0.519553 0.0027933 100 100.6 93 4 0 0 66 0 0.526027 8952 100-aaagz 
3200 192 370 0.518919 0.0027027 102 102 96 6 3 1 66 0 0.533333 9241 102-aaaaw 
3300 188 359 0.523677 0.00278552 101 101 94 4 0 0 68 0 0.527778 9330 101-aaadm 
3400 166.833 357 0.46732 0.00280112 100 100 91 4 2 2 63 0 1.04065 9806 100-aaahm 
3500 196 376 0.521277 0.00265957 101 101 98 4 0 0 70 0 1.04348 9990 101-aaaee 
3600 190 363 0.523416 0.00275482 100 100 95 5 0 0 72 0 1.04444 10334 100-aaahw 
3700 384 373 1.02949 0.00268097 102 102 96 5 0 0 80 0 1.05205 10738 102-aaabk 
3800 384 365 1.05205 0.00273973 101 101 96 4 0 0 78 0 1.06077 10552 101-aaaev 
3900 392 374 1.04813 0.0026738 103 102.9 98 6 0 0 81 0 1.05495 11290 103-aaaai 
4000 184 366 0.502732 0.00273224 100 100 92 4 1 1 86 0 2.08889 11515 100-aaaim 
4100 184 366 0.502732 0.00273224 100 100 92 5 0 0 86 0 2.10526 11515 100-aaaim 
4200 760 362 2.09945 0.00276243 101 101 95 6 0 0 88 0 2.10526 12202 101-aaagi 
4300 605.778 360 1.68272 0.00277778 101 101 94 4 0 0 90 0 2.14245 12331 101-aaagv 
4400 760 356 2.13483 0.00280899 101 101 95 5 0 0 90 0 2.14365 12694 101-aaahd 
4500 784 366 2.14208 0.00273224 102 102 98 6 0 0 90 0 2.14365 12960 102-aaacc 
4600 768 363 2.1157 0.00275482 102 102 96 6 0 0 96 0 2.1573 13107 102-aaaci 
4700 744 359 2.07242 0.00278552 100 100 93 4 0 0 93 0 2.16575 13161 100-aaajg 
4800 784 362 2.16575 0.00276243 102 102 98 5 0 0 98 0 2.16575 14032 102-aaacq 
4900 776 361 2.14958 0.00277008 102 102 97 4 0 0 99 0 2.16575 14375 102-aaacu 
5000 776 361 2.14958 0.00277008 102 102 97 5 0 0 99 0 2.17778 14412 102-aaacw 
5100 720 360 2 0.00277778 101 101 90 6 0 0 103 0 2.16156 14918 101-aaaip 
5200 414 362.5 1.14085 0.00275863 102 102 92 4 0 0 105 0 2.14958 15256 102-aaadi 
5300 576 358 1.60894 0.0027933 101 101 96 6 0 0 101 0 2.14525 15492 101-aaaje 
5400 628.625 361 1.74134 0.00277008 101 101 94 6 0 0 106 0 2.16156 15777 101-aaajh 
5500 760 364 2.08791 0.00274725 101 101 95 7 2 1 103 0 2.10989 16083 101-aaajl 
5600 744 362 2.05525 0.00276243 101 101 93 8 1 1 109 0 2.13624 16225 101-aaajp 
5700 752 355 2.11831 0.0028169 100 100 94 7 0 0 108 0 2.11831 16703 100-aaaku 
5800 752 355 2.11831 0.0028169 100 100 94 6 3 1 108 0 2.12603 16703 100-aaaku 
5900 752 355 2.11831 0.0028169 100 100 94 7 0 0 108 0 2.14795 16703 100-aaaku 
6000 752 358 2.10056 0.0027933 100 100 94 4 0 0 109 0 2.31325 17433 100-aaalb 
6100 736 358 2.05587 0.0027933 99 99 92 5 0 0 109 0 2.13774 16985 099-aaael 
6200 728 358 2.03352 0.0027933 98 98 91 4 0 0 117 0 2.11699 18115 098-aaabv 
6300 744 357 2.08403 0.00280112 99 99 93 6 1 0 120 0 2.10989 18451 099-aaaff 
6400 611 369 1.65583 0.00271003 101 101 94 5 0 0 118 0 2.11966 18754 101-aaakm 
6500 752 357 2.10644 0.00280112 99 99 94 10 0 0 123 0 2.11236 18957 099-aaafj 
6600 736 353 2.08499 0.00283286 98 98 92 10 3 3 124 0 2.12429 19212 098-aaaci 
6700 752 354 2.12429 0.00282486 99 99 94 5 0 0 124 0 2.4 19441 099-aaafs 
6800 728 352 2.06818 0.00284091 96 96.3939 91 6 0 0 126 0 2.12429 19757 096-aaabd 
6900 752 356 2.11236 0.00280899 99 99.0588 94 5 0 0 131 0 2.28221 20063 099-aaage 
7000 728 349 2.08596 0.00286533 95 95 91 4 0 0 128 0 2.15126 20316 095-aaaad 
7100 736 354 2.0791 0.00282486 98 98 92 4 0 0 134 0 2.15126 20864 098-aaadg 
7200 768 357 2.15126 0.00280112 100 100 96 6 0 0 129 0 4.16 20811 100-aaanc 
7300 1440 349 4.12607 0.00286533 95 95 90 7 3 1 135 0 4.19597 21526 095-aaaaq 
7400 1424 345 4.12754 0.00289855 94 94 89 7 1 1 137 0 4.19597 21664 094-aaaae 
7500 1183.2 335.8 3.52205 0.00297797 92 92 87 6 0 0 142 0 4.16374 22119 092-aaaaa 
7600 1408 343 4.10496 0.00291545 94 94 88 8 0 0 139 0 4.18018 22139 094-aaaai 
7700 1408 343 4.10496 0.00291545 94 94 88 10 0 0 139 0 4.18018 22139 094-aaaai 
7800 1392 341 4.08211 0.00293255 94 94 87 5 0 0 140 0 4.14986 22899 094-aaaav 
7900 1392 340 4.09412 0.00294118 94 94 87 5 0 0 143 0 4.14986 23408 094-aaaba 
8000 1392 340 4.09412 0.00294118 94 94 87 6 0 0 144 0 4.12903 23560 094-aaabc 
8100 1392 344 4.04651 0.00290698 95 95 87 5 0 0 144 0 4.13636 23987 095-aaabx 
8200 688 343 2.00583 0.00291545 95 95 86 3 0 0 145 0 4.11009 24366 095-aaacc 
8300 1344 327 4.11009 0.0030581 90 90 84 6 3 3 153 0 4.12607 24641 090-aaaad 
8400 1344 327 4.11009 0.0030581 90 90 84 6 0 0 152 0 4.14634 24297 090-aaaab 
8500 1344 327 4.11009 0.0030581 90 90 84 6 0 0 154 0 4.15902 24866 090-aaaag 
8600 1392 344 4.04651 0.00290698 94 94 87 6 1 1 151 0 4.18824 25608 094-aaabs 
8700 1344 327 4.11009 0.0030581 90 90 84 5 0 0 153 0 4.11009 25795 090-aaaal 
8800 1392 344 4.04651 0.00290698 94 94 87 8 1 0 153 0 4.14634 25756 094-aaabw 
8900 1312 325 4.03692 0.00307692 89 88.6111 82 5 0 0 159 0 4.14815 26428 089-aaaak 
9000 1312 325 4.03692 0.00307692 89 88.9127 82 11 1 1 159 0 4.15902 26428 089-aaaak 
9100 1376 337 4.08309 0.00296736 93 93.1515 86 6 0 0 157 0 4.17178 26469 093-aaaan 
9200 1376 338 4.07101 0.00295858 93 93 86 7 0 0 161 0 4.16099 27394 093-aaaax 
9300 1376 337 4.08309 0.00296736 93 93 86 5 1 1 160 0 4.13056 27736 093-aaabd 
9400 1376 338 4.07101 0.00295858 94 94 86 4 0 0 160 0 4.15522 27782 094-aaacv 
9500 1376 337 4.08309 0.00296736 93 93 86 6 0 0 163 0 4.13953 28196 093-aaabu 
9600 1344 330 4.07273 0.0030303 92 92 84 6 0 0 164 0 4.15522 28324 092-aaaay 
9700 1376 338 4.07101 0.00295858 93 93 86 4 0 0 166 0 4.1571 28984 093-aaach 
9800 1392 339 4.10619 0.00294985 93 93 87 5 0 0 170 0 4.1697 29194 093-aaacq 
9900 1376 337 4.08309 0.00296736 93 93 86 9 2 1 167 0 4.16766 29460 093-aaacv 
10000 1376 331 4.1571 0.00302115 91 91 86 8 0 0 170 0 4.19277 29611 091-aaaat 
